,SKU,No_of_points,%_of_non-zero_points,Mean_value,Is_greater_30,%_non_zero_bin,Is_white_noise,Is_stationary,ndiff,Is_seasonal_stationary,seasonalndiff
0,102170419,42,0.11904761904761904,0.19047619047619047,Y,0-40%,True,No_check_possible,No_check_possible,No_check_possible,No_check_possible
1,101499750,58,0.4482758620689655,0.6896551724137931,Y,40-70%,True,No_check_possible,No_check_possible,No_check_possible,No_check_possible
2,102824946,50,0.54,1.24,Y,40-70%,True,No_check_possible,No_check_possible,No_check_possible,No_check_possible
3,37459466,38,0.10526315789473684,0.18421052631578946,Y,0-40%,True,No_check_possible,No_check_possible,No_check_possible,No_check_possible
4,15735837,37,0.1891891891891892,0.21621621621621623,Y,0-40%,False,trend-non-stationary,1,seasonal_stationary,0
5,42300358,31,0.03225806451612903,59.58064516129032,Y,0-40%,True,No_check_possible,No_check_possible,No_check_possible,No_check_possible
6,11139804,42,0.07142857142857142,0.07142857142857142,Y,0-40%,True,No_check_possible,No_check_possible,No_check_possible,No_check_possible
7,102914606,25,0.32,1.12,N,Not_Applicable(<30 pts),No_check_possible,No_check_possible,No_check_possible,No_check_possible,No_check_possible
8,100476282,28,0.17857142857142858,0.7857142857142857,N,Not_Applicable(<30 pts),No_check_possible,No_check_possible,No_check_possible,No_check_possible,No_check_possible
9,100103172,28,0.14285714285714285,0.7142857142857143,N,Not_Applicable(<30 pts),No_check_possible,No_check_possible,No_check_possible,No_check_possible,No_check_possible
10,100838046,29,0.3793103448275862,18.896551724137932,N,Not_Applicable(<30 pts),No_check_possible,No_check_possible,No_check_possible,No_check_possible,No_check_possible
11,102774787,13,0.3076923076923077,1.4615384615384615,N,Not_Applicable(<30 pts),No_check_possible,No_check_possible,No_check_possible,No_check_possible,No_check_possible
12,104185953,26,0.38461538461538464,5.115384615384615,N,Not_Applicable(<30 pts),No_check_possible,No_check_possible,No_check_possible,No_check_possible,No_check_possible
13,102645663,27,0.18518518518518517,0.5555555555555556,N,Not_Applicable(<30 pts),No_check_possible,No_check_possible,No_check_possible,No_check_possible,No_check_possible
14,102875221,29,0.41379310344827586,2.1379310344827585,N,Not_Applicable(<30 pts),No_check_possible,No_check_possible,No_check_possible,No_check_possible,No_check_possible
15,11637268,34,0.11764705882352941,0.11764705882352941,Y,0-40%,True,No_check_possible,No_check_possible,No_check_possible,No_check_possible
16,101957248,32,0.25,0.34375,Y,0-40%,True,No_check_possible,No_check_possible,No_check_possible,No_check_possible
17,49051193,19,0.21052631578947367,0.21052631578947367,N,Not_Applicable(<30 pts),No_check_possible,No_check_possible,No_check_possible,No_check_possible,No_check_possible
18,100448489,37,0.16216216216216217,0.1891891891891892,Y,0-40%,True,No_check_possible,No_check_possible,No_check_possible,No_check_possible
19,102523030,18,0.16666666666666666,0.16666666666666666,N,Not_Applicable(<30 pts),No_check_possible,No_check_possible,No_check_possible,No_check_possible,No_check_possible
20,102772144,16,0.125,0.125,N,Not_Applicable(<30 pts),No_check_possible,No_check_possible,No_check_possible,No_check_possible,No_check_possible
21,102503856,42,0.047619047619047616,0.09523809523809523,Y,0-40%,True,No_check_possible,No_check_possible,No_check_possible,No_check_possible
22,100602597,66,0.13636363636363635,0.9393939393939394,Y,0-40%,True,No_check_possible,No_check_possible,No_check_possible,No_check_possible
23,11390009,70,0.4714285714285714,1.4285714285714286,Y,40-70%,True,No_check_possible,No_check_possible,No_check_possible,No_check_possible
24,42217107,55,0.03636363636363636,0.2,Y,0-40%,True,No_check_possible,No_check_possible,No_check_possible,No_check_possible
25,42142769,30,0.16666666666666666,0.2,Y,0-40%,True,No_check_possible,No_check_possible,No_check_possible,No_check_possible
26,100136093,17,0.058823529411764705,0.058823529411764705,N,Not_Applicable(<30 pts),No_check_possible,No_check_possible,No_check_possible,No_check_possible,No_check_possible
27,102579005,34,0.17647058823529413,3.5,Y,0-40%,True,No_check_possible,No_check_possible,No_check_possible,No_check_possible
28,11891946,65,0.3230769230769231,0.5230769230769231,Y,0-40%,True,No_check_possible,No_check_possible,No_check_possible,No_check_possible
29,102270686,42,0.16666666666666666,0.2619047619047619,Y,0-40%,True,No_check_possible,No_check_possible,No_check_possible,No_check_possible
30,102216589,25,0.2,0.24,N,Not_Applicable(<30 pts),No_check_possible,No_check_possible,No_check_possible,No_check_possible,No_check_possible
31,11499770,7,0.2857142857142857,0.2857142857142857,N,Not_Applicable(<30 pts),No_check_possible,No_check_possible,No_check_possible,No_check_possible,No_check_possible
32,104184857,17,0.4117647058823529,1.2352941176470589,N,Not_Applicable(<30 pts),No_check_possible,No_check_possible,No_check_possible,No_check_possible,No_check_possible
33,11679633,40,0.1,0.1,Y,0-40%,True,No_check_possible,No_check_possible,No_check_possible,No_check_possible
34,102495948,52,0.5769230769230769,1.7307692307692308,Y,40-70%,False,trend-non-stationary,1,seasonal_stationary,0
35,100555564,60,0.3,0.45,Y,0-40%,True,No_check_possible,No_check_possible,No_check_possible,No_check_possible
36,102280599,59,0.15254237288135594,0.1864406779661017,Y,0-40%,True,No_check_possible,No_check_possible,No_check_possible,No_check_possible
37,102818955,26,0.07692307692307693,0.07692307692307693,N,Not_Applicable(<30 pts),No_check_possible,No_check_possible,No_check_possible,No_check_possible,No_check_possible
38,101837065,41,0.0975609756097561,0.0975609756097561,Y,0-40%,True,No_check_possible,No_check_possible,No_check_possible,No_check_possible
39,102831597,5,0.4,0.4,N,Not_Applicable(<30 pts),No_check_possible,No_check_possible,No_check_possible,No_check_possible,No_check_possible
40,102189585,41,0.12195121951219512,0.14634146341463414,Y,0-40%,True,No_check_possible,No_check_possible,No_check_possible,No_check_possible
41,100060693,65,0.27692307692307694,0.7692307692307693,Y,0-40%,True,No_check_possible,No_check_possible,No_check_possible,No_check_possible
42,100467820,44,0.06818181818181818,0.06818181818181818,Y,0-40%,True,No_check_possible,No_check_possible,No_check_possible,No_check_possible
43,11611019,20,0.35,0.5,N,Not_Applicable(<30 pts),No_check_possible,No_check_possible,No_check_possible,No_check_possible,No_check_possible
44,49049105,60,0.15,0.26666666666666666,Y,0-40%,True,No_check_possible,No_check_possible,No_check_possible,No_check_possible
45,102076429,7,0.2857142857142857,0.2857142857142857,N,Not_Applicable(<30 pts),No_check_possible,No_check_possible,No_check_possible,No_check_possible,No_check_possible
46,102139832,54,0.07407407407407407,0.07407407407407407,Y,0-40%,True,No_check_possible,No_check_possible,No_check_possible,No_check_possible
47,42224260,16,0.125,0.1875,N,Not_Applicable(<30 pts),No_check_possible,No_check_possible,No_check_possible,No_check_possible,No_check_possible
48,100521106,21,0.14285714285714285,0.14285714285714285,N,Not_Applicable(<30 pts),No_check_possible,No_check_possible,No_check_possible,No_check_possible,No_check_possible
49,49086092,69,0.10144927536231885,0.13043478260869565,Y,0-40%,True,No_check_possible,No_check_possible,No_check_possible,No_check_possible
50,100758106,48,0.08333333333333333,0.125,Y,0-40%,True,No_check_possible,No_check_possible,No_check_possible,No_check_possible
51,102325289,3,0.6666666666666666,1.0,N,Not_Applicable(<30 pts),No_check_possible,No_check_possible,No_check_possible,No_check_possible,No_check_possible
52,14021474,4,0.75,0.75,N,Not_Applicable(<30 pts),No_check_possible,No_check_possible,No_check_possible,No_check_possible,No_check_possible
53,101934535,4,0.5,0.5,N,Not_Applicable(<30 pts),No_check_possible,No_check_possible,No_check_possible,No_check_possible,No_check_possible
54,102523292,42,0.16666666666666666,0.35714285714285715,Y,0-40%,True,No_check_possible,No_check_possible,No_check_possible,No_check_possible
55,101412137,51,0.09803921568627451,0.13725490196078433,Y,0-40%,True,No_check_possible,No_check_possible,No_check_possible,No_check_possible
56,102216674,42,0.07142857142857142,0.09523809523809523,Y,0-40%,True,No_check_possible,No_check_possible,No_check_possible,No_check_possible
57,102566192,52,0.3076923076923077,0.4423076923076923,Y,0-40%,True,No_check_possible,No_check_possible,No_check_possible,No_check_possible
58,102325096,51,0.43137254901960786,1.0588235294117647,Y,40-70%,True,No_check_possible,No_check_possible,No_check_possible,No_check_possible
59,102824930,20,0.15,0.15,N,Not_Applicable(<30 pts),No_check_possible,No_check_possible,No_check_possible,No_check_possible,No_check_possible
60,102408592,26,0.19230769230769232,0.19230769230769232,N,Not_Applicable(<30 pts),No_check_possible,No_check_possible,No_check_possible,No_check_possible,No_check_possible
61,102809493,24,0.125,0.16666666666666666,N,Not_Applicable(<30 pts),No_check_possible,No_check_possible,No_check_possible,No_check_possible,No_check_possible
62,102409048,36,0.08333333333333333,0.1111111111111111,Y,0-40%,True,No_check_possible,No_check_possible,No_check_possible,No_check_possible
63,102059780,45,0.13333333333333333,0.5333333333333333,Y,0-40%,True,No_check_possible,No_check_possible,No_check_possible,No_check_possible
64,102318437,21,0.14285714285714285,0.23809523809523808,N,Not_Applicable(<30 pts),No_check_possible,No_check_possible,No_check_possible,No_check_possible,No_check_possible
65,102151871,8,0.25,0.25,N,Not_Applicable(<30 pts),No_check_possible,No_check_possible,No_check_possible,No_check_possible,No_check_possible
66,102781758,7,0.2857142857142857,0.2857142857142857,N,Not_Applicable(<30 pts),No_check_possible,No_check_possible,No_check_possible,No_check_possible,No_check_possible
67,102875361,40,0.175,0.275,Y,0-40%,True,No_check_possible,No_check_possible,No_check_possible,No_check_possible
68,101473902,13,0.15384615384615385,0.23076923076923078,N,Not_Applicable(<30 pts),No_check_possible,No_check_possible,No_check_possible,No_check_possible,No_check_possible
69,102985608,21,0.2857142857142857,0.5714285714285714,N,Not_Applicable(<30 pts),No_check_possible,No_check_possible,No_check_possible,No_check_possible,No_check_possible
70,102590486,20,0.1,0.1,N,Not_Applicable(<30 pts),No_check_possible,No_check_possible,No_check_possible,No_check_possible,No_check_possible
71,102353644,27,0.1111111111111111,0.14814814814814814,N,Not_Applicable(<30 pts),No_check_possible,No_check_possible,No_check_possible,No_check_possible,No_check_possible
72,102139764,19,0.10526315789473684,0.10526315789473684,N,Not_Applicable(<30 pts),No_check_possible,No_check_possible,No_check_possible,No_check_possible,No_check_possible
73,102840827,17,0.17647058823529413,0.17647058823529413,N,Not_Applicable(<30 pts),No_check_possible,No_check_possible,No_check_possible,No_check_possible,No_check_possible
74,102557256,21,0.19047619047619047,0.19047619047619047,N,Not_Applicable(<30 pts),No_check_possible,No_check_possible,No_check_possible,No_check_possible,No_check_possible
75,102772146,17,0.5882352941176471,2.7058823529411766,N,Not_Applicable(<30 pts),No_check_possible,No_check_possible,No_check_possible,No_check_possible,No_check_possible
76,104294082,19,0.21052631578947367,0.6842105263157895,N,Not_Applicable(<30 pts),No_check_possible,No_check_possible,No_check_possible,No_check_possible,No_check_possible
77,102810131,29,0.13793103448275862,0.13793103448275862,N,Not_Applicable(<30 pts),No_check_possible,No_check_possible,No_check_possible,No_check_possible,No_check_possible
78,102916860,28,0.4642857142857143,7.821428571428571,N,Not_Applicable(<30 pts),No_check_possible,No_check_possible,No_check_possible,No_check_possible,No_check_possible
79,102791801,16,0.375,1.0,N,Not_Applicable(<30 pts),No_check_possible,No_check_possible,No_check_possible,No_check_possible,No_check_possible
80,102791802,15,0.4,1.0,N,Not_Applicable(<30 pts),No_check_possible,No_check_possible,No_check_possible,No_check_possible,No_check_possible
81,102791804,15,0.4,1.6666666666666667,N,Not_Applicable(<30 pts),No_check_possible,No_check_possible,No_check_possible,No_check_possible,No_check_possible
82,105716633,4,0.5,1.5,N,Not_Applicable(<30 pts),No_check_possible,No_check_possible,No_check_possible,No_check_possible,No_check_possible
83,102924133,11,0.36363636363636365,0.36363636363636365,N,Not_Applicable(<30 pts),No_check_possible,No_check_possible,No_check_possible,No_check_possible,No_check_possible
84,104309789,22,0.18181818181818182,0.4090909090909091,N,Not_Applicable(<30 pts),No_check_possible,No_check_possible,No_check_possible,No_check_possible,No_check_possible
85,15970920,69,0.15942028985507245,0.5507246376811594,Y,0-40%,True,No_check_possible,No_check_possible,No_check_possible,No_check_possible
86,16039169,41,0.17073170731707318,0.24390243902439024,Y,0-40%,True,No_check_possible,No_check_possible,No_check_possible,No_check_possible
87,42209590,63,0.23809523809523808,0.6190476190476191,Y,0-40%,True,No_check_possible,No_check_possible,No_check_possible,No_check_possible
88,11331593,38,0.05263157894736842,0.05263157894736842,Y,0-40%,True,No_check_possible,No_check_possible,No_check_possible,No_check_possible
89,49132155,53,0.16981132075471697,0.16981132075471697,Y,0-40%,True,No_check_possible,No_check_possible,No_check_possible,No_check_possible
90,42248619,15,0.06666666666666667,0.06666666666666667,N,Not_Applicable(<30 pts),No_check_possible,No_check_possible,No_check_possible,No_check_possible,No_check_possible
91,11468303,22,0.09090909090909091,0.09090909090909091,N,Not_Applicable(<30 pts),No_check_possible,No_check_possible,No_check_possible,No_check_possible,No_check_possible
92,100663471,24,0.16666666666666666,0.25,N,Not_Applicable(<30 pts),No_check_possible,No_check_possible,No_check_possible,No_check_possible,No_check_possible
93,102495739,19,0.10526315789473684,0.10526315789473684,N,Not_Applicable(<30 pts),No_check_possible,No_check_possible,No_check_possible,No_check_possible,No_check_possible
94,100781490,55,0.10909090909090909,0.2,Y,0-40%,True,No_check_possible,No_check_possible,No_check_possible,No_check_possible
95,102488918,52,0.21153846153846154,0.34615384615384615,Y,0-40%,True,No_check_possible,No_check_possible,No_check_possible,No_check_possible
96,102817462,41,0.1951219512195122,0.6829268292682927,Y,0-40%,True,No_check_possible,No_check_possible,No_check_possible,No_check_possible
97,11074632,9,0.2222222222222222,0.2222222222222222,N,Not_Applicable(<30 pts),No_check_possible,No_check_possible,No_check_possible,No_check_possible,No_check_possible
98,100430111,15,0.06666666666666667,0.13333333333333333,N,Not_Applicable(<30 pts),No_check_possible,No_check_possible,No_check_possible,No_check_possible,No_check_possible
99,16366631,71,0.29577464788732394,0.5633802816901409,Y,0-40%,True,No_check_possible,No_check_possible,No_check_possible,No_check_possible
100,102921470,16,0.125,0.125,N,Not_Applicable(<30 pts),No_check_possible,No_check_possible,No_check_possible,No_check_possible,No_check_possible
101,102279729,48,0.1875,0.4791666666666667,Y,0-40%,True,No_check_possible,No_check_possible,No_check_possible,No_check_possible
102,100061055,64,0.1875,0.296875,Y,0-40%,True,No_check_possible,No_check_possible,No_check_possible,No_check_possible
103,101820958,32,0.15625,0.25,Y,0-40%,True,No_check_possible,No_check_possible,No_check_possible,No_check_possible
104,37532082,42,0.047619047619047616,0.047619047619047616,Y,0-40%,True,No_check_possible,No_check_possible,No_check_possible,No_check_possible
105,102772274,29,0.27586206896551724,1.4827586206896552,N,Not_Applicable(<30 pts),No_check_possible,No_check_possible,No_check_possible,No_check_possible,No_check_possible
106,104285397,25,0.36,1.0,N,Not_Applicable(<30 pts),No_check_possible,No_check_possible,No_check_possible,No_check_possible,No_check_possible
107,102118585,11,0.5454545454545454,1.3636363636363635,N,Not_Applicable(<30 pts),No_check_possible,No_check_possible,No_check_possible,No_check_possible,No_check_possible
108,102584565,34,0.7058823529411765,5.794117647058823,Y,70-100%,True,No_check_possible,No_check_possible,No_check_possible,No_check_possible
109,100711399,16,0.375,0.75,N,Not_Applicable(<30 pts),No_check_possible,No_check_possible,No_check_possible,No_check_possible,No_check_possible
110,11499729,37,0.1891891891891892,0.1891891891891892,Y,0-40%,True,No_check_possible,No_check_possible,No_check_possible,No_check_possible
111,11507705,43,0.13953488372093023,0.13953488372093023,Y,0-40%,True,No_check_possible,No_check_possible,No_check_possible,No_check_possible
112,101518904,68,0.058823529411764705,0.07352941176470588,Y,0-40%,True,No_check_possible,No_check_possible,No_check_possible,No_check_possible
113,11673631,71,0.16901408450704225,0.3380281690140845,Y,0-40%,True,No_check_possible,No_check_possible,No_check_possible,No_check_possible
114,102896349,38,0.39473684210526316,0.8421052631578947,Y,0-40%,True,No_check_possible,No_check_possible,No_check_possible,No_check_possible
115,100571391,70,0.2,0.4857142857142857,Y,0-40%,True,No_check_possible,No_check_possible,No_check_possible,No_check_possible
116,15362316,50,0.14,0.14,Y,0-40%,True,No_check_possible,No_check_possible,No_check_possible,No_check_possible
117,101820594,56,0.32142857142857145,0.5,Y,0-40%,True,No_check_possible,No_check_possible,No_check_possible,No_check_possible
118,100269878,54,0.09259259259259259,0.12962962962962962,Y,0-40%,True,No_check_possible,No_check_possible,No_check_possible,No_check_possible
119,42212265,24,0.16666666666666666,0.2916666666666667,N,Not_Applicable(<30 pts),No_check_possible,No_check_possible,No_check_possible,No_check_possible,No_check_possible
120,105711349,24,0.16666666666666666,0.3333333333333333,N,Not_Applicable(<30 pts),No_check_possible,No_check_possible,No_check_possible,No_check_possible,No_check_possible
121,104188287,28,0.2857142857142857,1.0357142857142858,N,Not_Applicable(<30 pts),No_check_possible,No_check_possible,No_check_possible,No_check_possible,No_check_possible
122,102531498,14,0.21428571428571427,0.21428571428571427,N,Not_Applicable(<30 pts),No_check_possible,No_check_possible,No_check_possible,No_check_possible,No_check_possible
123,102325197,24,0.08333333333333333,0.08333333333333333,N,Not_Applicable(<30 pts),No_check_possible,No_check_possible,No_check_possible,No_check_possible,No_check_possible
124,102408496,6,0.3333333333333333,0.3333333333333333,N,Not_Applicable(<30 pts),No_check_possible,No_check_possible,No_check_possible,No_check_possible,No_check_possible
125,102338244,22,0.18181818181818182,0.18181818181818182,N,Not_Applicable(<30 pts),No_check_possible,No_check_possible,No_check_possible,No_check_possible,No_check_possible
126,102189693,28,0.21428571428571427,0.32142857142857145,N,Not_Applicable(<30 pts),No_check_possible,No_check_possible,No_check_possible,No_check_possible,No_check_possible
127,102878315,12,0.4166666666666667,1.25,N,Not_Applicable(<30 pts),No_check_possible,No_check_possible,No_check_possible,No_check_possible,No_check_possible
128,102488714,20,0.35,1.15,N,Not_Applicable(<30 pts),No_check_possible,No_check_possible,No_check_possible,No_check_possible,No_check_possible
129,11581599,31,0.16129032258064516,0.16129032258064516,Y,0-40%,True,No_check_possible,No_check_possible,No_check_possible,No_check_possible
130,11025948,34,0.058823529411764705,0.058823529411764705,Y,0-40%,True,No_check_possible,No_check_possible,No_check_possible,No_check_possible
131,102096624,42,0.14285714285714285,0.23809523809523808,Y,0-40%,True,No_check_possible,No_check_possible,No_check_possible,No_check_possible
132,100728012,48,0.041666666666666664,0.041666666666666664,Y,0-40%,True,No_check_possible,No_check_possible,No_check_possible,No_check_possible
133,100804383,48,0.125,0.14583333333333334,Y,0-40%,True,No_check_possible,No_check_possible,No_check_possible,No_check_possible
134,102633107,48,0.4375,0.8125,Y,40-70%,True,No_check_possible,No_check_possible,No_check_possible,No_check_possible
135,11231145,41,0.0975609756097561,0.12195121951219512,Y,0-40%,True,No_check_possible,No_check_possible,No_check_possible,No_check_possible
136,11399690,21,0.19047619047619047,0.19047619047619047,N,Not_Applicable(<30 pts),No_check_possible,No_check_possible,No_check_possible,No_check_possible,No_check_possible
137,42226325,39,0.07692307692307693,0.07692307692307693,Y,0-40%,True,No_check_possible,No_check_possible,No_check_possible,No_check_possible
138,100171359,44,0.06818181818181818,0.06818181818181818,Y,0-40%,True,No_check_possible,No_check_possible,No_check_possible,No_check_possible
139,16615063,68,0.4117647058823529,0.6323529411764706,Y,40-70%,False,trend-non-stationary,1,seasonal_stationary,0
140,100552849,65,0.07692307692307693,0.18461538461538463,Y,0-40%,True,No_check_possible,No_check_possible,No_check_possible,No_check_possible
141,42122329,23,0.17391304347826086,1.826086956521739,N,Not_Applicable(<30 pts),No_check_possible,No_check_possible,No_check_possible,No_check_possible,No_check_possible
142,15371241,29,0.06896551724137931,0.06896551724137931,N,Not_Applicable(<30 pts),No_check_possible,No_check_possible,No_check_possible,No_check_possible,No_check_possible
143,42055506,50,0.14,0.28,Y,0-40%,True,No_check_possible,No_check_possible,No_check_possible,No_check_possible
144,16695182,36,0.08333333333333333,0.08333333333333333,Y,0-40%,True,No_check_possible,No_check_possible,No_check_possible,No_check_possible
145,11063604,71,0.28169014084507044,0.323943661971831,Y,0-40%,True,No_check_possible,No_check_possible,No_check_possible,No_check_possible
146,15371231,38,0.05263157894736842,0.05263157894736842,Y,0-40%,True,No_check_possible,No_check_possible,No_check_possible,No_check_possible
147,102217197,41,0.04878048780487805,0.07317073170731707,Y,0-40%,True,No_check_possible,No_check_possible,No_check_possible,No_check_possible
148,100019314,52,0.09615384615384616,0.09615384615384616,Y,0-40%,True,No_check_possible,No_check_possible,No_check_possible,No_check_possible
149,101958478,48,0.020833333333333332,0.020833333333333332,Y,0-40%,True,No_check_possible,No_check_possible,No_check_possible,No_check_possible
150,15957812,53,0.09433962264150944,0.37735849056603776,Y,0-40%,True,No_check_possible,No_check_possible,No_check_possible,No_check_possible
151,100467830,65,0.2153846153846154,0.5538461538461539,Y,0-40%,True,No_check_possible,No_check_possible,No_check_possible,No_check_possible
152,100060657,64,0.125,0.203125,Y,0-40%,True,No_check_possible,No_check_possible,No_check_possible,No_check_possible
153,101821240,69,0.18840579710144928,0.2753623188405797,Y,0-40%,True,No_check_possible,No_check_possible,No_check_possible,No_check_possible
154,101487938,18,0.1111111111111111,0.1111111111111111,N,Not_Applicable(<30 pts),No_check_possible,No_check_possible,No_check_possible,No_check_possible,No_check_possible
155,101935130,11,0.09090909090909091,0.09090909090909091,N,Not_Applicable(<30 pts),No_check_possible,No_check_possible,No_check_possible,No_check_possible,No_check_possible
156,11278425,36,0.1111111111111111,0.1388888888888889,Y,0-40%,True,No_check_possible,No_check_possible,No_check_possible,No_check_possible
157,11203792,30,0.16666666666666666,0.4,Y,0-40%,True,No_check_possible,No_check_possible,No_check_possible,No_check_possible
158,49049243,53,0.20754716981132076,0.4528301886792453,Y,0-40%,True,No_check_possible,No_check_possible,No_check_possible,No_check_possible
159,42150964,62,0.11290322580645161,0.24193548387096775,Y,0-40%,True,No_check_possible,No_check_possible,No_check_possible,No_check_possible
160,100767692,40,0.05,0.05,Y,0-40%,True,No_check_possible,No_check_possible,No_check_possible,No_check_possible
161,102557222,44,0.1590909090909091,0.38636363636363635,Y,0-40%,True,No_check_possible,No_check_possible,No_check_possible,No_check_possible
162,100144730,53,0.20754716981132076,0.33962264150943394,Y,0-40%,True,No_check_possible,No_check_possible,No_check_possible,No_check_possible
163,11545590,8,0.375,1.0,N,Not_Applicable(<30 pts),No_check_possible,No_check_possible,No_check_possible,No_check_possible,No_check_possible
164,102853627,27,0.4074074074074074,1.6666666666666667,N,Not_Applicable(<30 pts),No_check_possible,No_check_possible,No_check_possible,No_check_possible,No_check_possible
165,102299761,30,0.16666666666666666,0.4,Y,0-40%,True,No_check_possible,No_check_possible,No_check_possible,No_check_possible
166,102060276,12,0.5833333333333334,1.0,N,Not_Applicable(<30 pts),No_check_possible,No_check_possible,No_check_possible,No_check_possible,No_check_possible
167,102544282,37,0.08108108108108109,0.10810810810810811,Y,0-40%,True,No_check_possible,No_check_possible,No_check_possible,No_check_possible
168,102853157,45,0.17777777777777778,0.28888888888888886,Y,0-40%,True,No_check_possible,No_check_possible,No_check_possible,No_check_possible
169,102539523,26,0.19230769230769232,0.38461538461538464,N,Not_Applicable(<30 pts),No_check_possible,No_check_possible,No_check_possible,No_check_possible,No_check_possible
170,102861923,27,0.07407407407407407,0.14814814814814814,N,Not_Applicable(<30 pts),No_check_possible,No_check_possible,No_check_possible,No_check_possible,No_check_possible
171,42149288,68,0.23529411764705882,2.0,Y,0-40%,True,No_check_possible,No_check_possible,No_check_possible,No_check_possible
172,42149450,71,0.2676056338028169,0.4225352112676056,Y,0-40%,True,No_check_possible,No_check_possible,No_check_possible,No_check_possible
173,101825311,68,0.1323529411764706,0.14705882352941177,Y,0-40%,True,No_check_possible,No_check_possible,No_check_possible,No_check_possible
174,100785466,42,0.30952380952380953,0.42857142857142855,Y,0-40%,True,No_check_possible,No_check_possible,No_check_possible,No_check_possible
175,42222343,73,0.410958904109589,1.178082191780822,Y,40-70%,True,No_check_possible,No_check_possible,No_check_possible,No_check_possible
176,100847925,72,0.6944444444444444,3.9583333333333335,Y,40-70%,True,No_check_possible,No_check_possible,No_check_possible,No_check_possible
177,101876379,66,0.09090909090909091,0.09090909090909091,Y,0-40%,True,No_check_possible,No_check_possible,No_check_possible,No_check_possible
178,16123245,65,0.12307692307692308,0.12307692307692308,Y,0-40%,True,No_check_possible,No_check_possible,No_check_possible,No_check_possible
179,11433982,28,0.07142857142857142,0.07142857142857142,N,Not_Applicable(<30 pts),No_check_possible,No_check_possible,No_check_possible,No_check_possible,No_check_possible
180,11703050,52,0.09615384615384616,0.11538461538461539,Y,0-40%,True,No_check_possible,No_check_possible,No_check_possible,No_check_possible
181,102494640,47,0.10638297872340426,0.10638297872340426,Y,0-40%,True,No_check_possible,No_check_possible,No_check_possible,No_check_possible
182,100602241,19,0.21052631578947367,0.2631578947368421,N,Not_Applicable(<30 pts),No_check_possible,No_check_possible,No_check_possible,No_check_possible,No_check_possible
183,11302624,10,0.2,0.2,N,Not_Applicable(<30 pts),No_check_possible,No_check_possible,No_check_possible,No_check_possible,No_check_possible
184,11400001,25,0.12,0.12,N,Not_Applicable(<30 pts),No_check_possible,No_check_possible,No_check_possible,No_check_possible,No_check_possible
185,11683838,10,0.2,0.2,N,Not_Applicable(<30 pts),No_check_possible,No_check_possible,No_check_possible,No_check_possible,No_check_possible
186,11891938,10,0.2,0.2,N,Not_Applicable(<30 pts),No_check_possible,No_check_possible,No_check_possible,No_check_possible,No_check_possible
187,42141874,48,0.125,0.125,Y,0-40%,True,No_check_possible,No_check_possible,No_check_possible,No_check_possible
188,100609933,73,0.5205479452054794,1.4794520547945205,Y,40-70%,True,No_check_possible,No_check_possible,No_check_possible,No_check_possible
189,15727513,47,0.1276595744680851,0.23404255319148937,Y,0-40%,True,No_check_possible,No_check_possible,No_check_possible,No_check_possible
190,11242823,28,0.10714285714285714,0.17857142857142858,N,Not_Applicable(<30 pts),No_check_possible,No_check_possible,No_check_possible,No_check_possible,No_check_possible
191,15551252,49,0.08163265306122448,0.14285714285714285,Y,0-40%,True,No_check_possible,No_check_possible,No_check_possible,No_check_possible
192,45871982,19,0.15789473684210525,0.2631578947368421,N,Not_Applicable(<30 pts),No_check_possible,No_check_possible,No_check_possible,No_check_possible,No_check_possible
193,37457640,36,0.08333333333333333,0.1388888888888889,Y,0-40%,True,No_check_possible,No_check_possible,No_check_possible,No_check_possible
194,100585259,37,0.10810810810810811,0.16216216216216217,Y,0-40%,True,No_check_possible,No_check_possible,No_check_possible,No_check_possible
195,49069973,55,0.2727272727272727,0.4909090909090909,Y,0-40%,False,trend-non-stationary,1,seasonal_stationary,0
196,102497637,15,0.2,0.3333333333333333,N,Not_Applicable(<30 pts),No_check_possible,No_check_possible,No_check_possible,No_check_possible,No_check_possible
197,11706137,61,0.13114754098360656,0.36065573770491804,Y,0-40%,True,No_check_possible,No_check_possible,No_check_possible,No_check_possible
198,13730023,60,0.13333333333333333,0.16666666666666666,Y,0-40%,True,No_check_possible,No_check_possible,No_check_possible,No_check_possible
199,16716830,64,0.125,0.1875,Y,0-40%,True,No_check_possible,No_check_possible,No_check_possible,No_check_possible
200,17157701,45,0.1111111111111111,0.15555555555555556,Y,0-40%,True,No_check_possible,No_check_possible,No_check_possible,No_check_possible
201,42148570,61,0.13114754098360656,0.3442622950819672,Y,0-40%,True,No_check_possible,No_check_possible,No_check_possible,No_check_possible
202,42266491,42,0.07142857142857142,0.14285714285714285,Y,0-40%,True,No_check_possible,No_check_possible,No_check_possible,No_check_possible
203,42307055,39,0.05128205128205128,0.07692307692307693,Y,0-40%,True,No_check_possible,No_check_possible,No_check_possible,No_check_possible
204,42147779,30,0.16666666666666666,0.36666666666666664,Y,0-40%,True,No_check_possible,No_check_possible,No_check_possible,No_check_possible
205,100838062,41,0.14634146341463414,0.24390243902439024,Y,0-40%,True,No_check_possible,No_check_possible,No_check_possible,No_check_possible
206,100838100,41,0.12195121951219512,0.21951219512195122,Y,0-40%,True,No_check_possible,No_check_possible,No_check_possible,No_check_possible
207,102075519,40,0.075,0.15,Y,0-40%,True,No_check_possible,No_check_possible,No_check_possible,No_check_possible
208,102140102,61,0.16393442622950818,0.5409836065573771,Y,0-40%,True,No_check_possible,No_check_possible,No_check_possible,No_check_possible
209,102494584,60,0.06666666666666667,0.26666666666666666,Y,0-40%,True,No_check_possible,No_check_possible,No_check_possible,No_check_possible
210,101853583,29,0.20689655172413793,0.6206896551724138,N,Not_Applicable(<30 pts),No_check_possible,No_check_possible,No_check_possible,No_check_possible,No_check_possible
211,11468231,58,0.1724137931034483,0.2413793103448276,Y,0-40%,True,No_check_possible,No_check_possible,No_check_possible,No_check_possible
212,15733245,71,0.1267605633802817,0.4225352112676056,Y,0-40%,True,No_check_possible,No_check_possible,No_check_possible,No_check_possible
213,16053756,41,0.21951219512195122,0.36585365853658536,Y,0-40%,True,No_check_possible,No_check_possible,No_check_possible,No_check_possible
214,11659909,72,0.3333333333333333,0.8194444444444444,Y,0-40%,True,No_check_possible,No_check_possible,No_check_possible,No_check_possible
215,11678949,70,0.07142857142857142,0.12857142857142856,Y,0-40%,True,No_check_possible,No_check_possible,No_check_possible,No_check_possible
216,16273510,70,0.3142857142857143,0.5857142857142857,Y,0-40%,True,No_check_possible,No_check_possible,No_check_possible,No_check_possible
217,49093632,67,0.31343283582089554,1.4029850746268657,Y,0-40%,True,No_check_possible,No_check_possible,No_check_possible,No_check_possible
218,100705598,60,0.11666666666666667,0.25,Y,0-40%,True,No_check_possible,No_check_possible,No_check_possible,No_check_possible
219,101934600,51,0.17647058823529413,0.3333333333333333,Y,0-40%,True,No_check_possible,No_check_possible,No_check_possible,No_check_possible
220,101880154,53,0.16981132075471697,2.7169811320754715,Y,0-40%,True,No_check_possible,No_check_possible,No_check_possible,No_check_possible
221,100630557,71,0.15492957746478872,0.2535211267605634,Y,0-40%,True,No_check_possible,No_check_possible,No_check_possible,No_check_possible
222,101420131,64,0.09375,0.375,Y,0-40%,True,No_check_possible,No_check_possible,No_check_possible,No_check_possible
223,102372624,57,0.19298245614035087,2.0,Y,0-40%,True,No_check_possible,No_check_possible,No_check_possible,No_check_possible
224,101942991,6,0.3333333333333333,0.8333333333333334,N,Not_Applicable(<30 pts),No_check_possible,No_check_possible,No_check_possible,No_check_possible,No_check_possible
225,11603660,55,0.12727272727272726,0.3090909090909091,Y,0-40%,True,No_check_possible,No_check_possible,No_check_possible,No_check_possible
226,11675168,56,0.30357142857142855,0.6071428571428571,Y,0-40%,True,No_check_possible,No_check_possible,No_check_possible,No_check_possible
227,11699020,65,0.13846153846153847,0.4153846153846154,Y,0-40%,True,No_check_possible,No_check_possible,No_check_possible,No_check_possible
228,11670424,41,0.12195121951219512,0.2682926829268293,Y,0-40%,True,No_check_possible,No_check_possible,No_check_possible,No_check_possible
229,11689846,71,0.23943661971830985,0.39436619718309857,Y,0-40%,True,No_check_possible,No_check_possible,No_check_possible,No_check_possible
230,16615008,46,0.30434782608695654,2.9130434782608696,Y,0-40%,True,No_check_possible,No_check_possible,No_check_possible,No_check_possible
231,11634060,67,0.47761194029850745,1.462686567164179,Y,40-70%,True,No_check_possible,No_check_possible,No_check_possible,No_check_possible
232,42044420,45,0.1111111111111111,0.8888888888888888,Y,0-40%,True,No_check_possible,No_check_possible,No_check_possible,No_check_possible
233,42052762,40,0.125,0.275,Y,0-40%,True,No_check_possible,No_check_possible,No_check_possible,No_check_possible
234,16248789,63,0.3492063492063492,0.6825396825396826,Y,0-40%,True,No_check_possible,No_check_possible,No_check_possible,No_check_possible
235,42150121,52,0.11538461538461539,0.23076923076923078,Y,0-40%,True,No_check_possible,No_check_possible,No_check_possible,No_check_possible
236,42147458,47,0.1702127659574468,0.3191489361702128,Y,0-40%,True,No_check_possible,No_check_possible,No_check_possible,No_check_possible
237,42203810,71,0.2676056338028169,0.5352112676056338,Y,0-40%,True,No_check_possible,No_check_possible,No_check_possible,No_check_possible
238,101406034,67,0.1791044776119403,0.29850746268656714,Y,0-40%,True,No_check_possible,No_check_possible,No_check_possible,No_check_possible
239,42150105,54,0.1111111111111111,0.2777777777777778,Y,0-40%,True,No_check_possible,No_check_possible,No_check_possible,No_check_possible
240,42203063,70,0.2571428571428571,0.4714285714285714,Y,0-40%,True,No_check_possible,No_check_possible,No_check_possible,No_check_possible
241,42146547,48,0.125,0.22916666666666666,Y,0-40%,True,No_check_possible,No_check_possible,No_check_possible,No_check_possible
242,102294098,52,0.21153846153846154,0.46153846153846156,Y,0-40%,True,No_check_possible,No_check_possible,No_check_possible,No_check_possible
243,102280012,9,0.2222222222222222,0.5555555555555556,N,Not_Applicable(<30 pts),No_check_possible,No_check_possible,No_check_possible,No_check_possible,No_check_possible
244,102866587,9,0.2222222222222222,0.4444444444444444,N,Not_Applicable(<30 pts),No_check_possible,No_check_possible,No_check_possible,No_check_possible,No_check_possible
245,11659932,65,0.38461538461538464,1.9076923076923078,Y,0-40%,True,No_check_possible,No_check_possible,No_check_possible,No_check_possible
246,11708564,49,0.22448979591836735,3.816326530612245,Y,0-40%,True,No_check_possible,No_check_possible,No_check_possible,No_check_possible
247,16286047,72,0.4166666666666667,1.5277777777777777,Y,40-70%,True,No_check_possible,No_check_possible,No_check_possible,No_check_possible
248,42141052,66,0.5303030303030303,1.4848484848484849,Y,40-70%,True,No_check_possible,No_check_possible,No_check_possible,No_check_possible
249,102567653,57,0.2631578947368421,1.105263157894737,Y,0-40%,True,No_check_possible,No_check_possible,No_check_possible,No_check_possible
250,11157378,61,0.2786885245901639,0.8360655737704918,Y,0-40%,True,No_check_possible,No_check_possible,No_check_possible,No_check_possible
251,102784943,45,0.3333333333333333,1.7555555555555555,Y,0-40%,True,No_check_possible,No_check_possible,No_check_possible,No_check_possible
252,16134131,61,0.36065573770491804,1.1967213114754098,Y,0-40%,True,No_check_possible,No_check_possible,No_check_possible,No_check_possible
253,16085187,72,0.19444444444444445,0.7222222222222222,Y,0-40%,True,No_check_possible,No_check_possible,No_check_possible,No_check_possible
254,49066119,61,0.2786885245901639,0.9836065573770492,Y,0-40%,True,No_check_possible,No_check_possible,No_check_possible,No_check_possible
255,11592095,46,0.043478260869565216,0.043478260869565216,Y,0-40%,True,No_check_possible,No_check_possible,No_check_possible,No_check_possible
256,101519024,62,0.1935483870967742,0.41935483870967744,Y,0-40%,True,No_check_possible,No_check_possible,No_check_possible,No_check_possible
257,15383793,3,0.6666666666666666,0.6666666666666666,N,Not_Applicable(<30 pts),No_check_possible,No_check_possible,No_check_possible,No_check_possible,No_check_possible
258,11559251,66,0.19696969696969696,0.3181818181818182,Y,0-40%,True,No_check_possible,No_check_possible,No_check_possible,No_check_possible
259,16550921,66,0.5454545454545454,1.1515151515151516,Y,40-70%,True,No_check_possible,No_check_possible,No_check_possible,No_check_possible
260,11712341,64,0.359375,2.34375,Y,0-40%,True,No_check_possible,No_check_possible,No_check_possible,No_check_possible
261,100006064,36,0.1111111111111111,0.1111111111111111,Y,0-40%,True,No_check_possible,No_check_possible,No_check_possible,No_check_possible
262,49076705,72,0.3888888888888889,0.7916666666666666,Y,0-40%,True,No_check_possible,No_check_possible,No_check_possible,No_check_possible
263,102774775,35,0.14285714285714285,5.914285714285715,Y,0-40%,True,No_check_possible,No_check_possible,No_check_possible,No_check_possible
264,16302427,63,0.015873015873015872,0.015873015873015872,Y,0-40%,True,No_check_possible,No_check_possible,No_check_possible,No_check_possible
265,100510081,56,0.08928571428571429,0.125,Y,0-40%,True,No_check_possible,No_check_possible,No_check_possible,No_check_possible
266,49122816,47,0.14893617021276595,0.1702127659574468,Y,0-40%,True,No_check_possible,No_check_possible,No_check_possible,No_check_possible
267,102877728,29,0.20689655172413793,0.3103448275862069,N,Not_Applicable(<30 pts),No_check_possible,No_check_possible,No_check_possible,No_check_possible,No_check_possible
268,15856946,13,0.15384615384615385,0.15384615384615385,N,Not_Applicable(<30 pts),No_check_possible,No_check_possible,No_check_possible,No_check_possible,No_check_possible
269,102737865,23,0.4782608695652174,0.6521739130434783,N,Not_Applicable(<30 pts),No_check_possible,No_check_possible,No_check_possible,No_check_possible,No_check_possible
270,102763402,22,0.09090909090909091,0.13636363636363635,N,Not_Applicable(<30 pts),No_check_possible,No_check_possible,No_check_possible,No_check_possible,No_check_possible
271,16319986,58,0.25862068965517243,0.8620689655172413,Y,0-40%,True,No_check_possible,No_check_possible,No_check_possible,No_check_possible
272,102541513,46,0.06521739130434782,0.06521739130434782,Y,0-40%,True,No_check_possible,No_check_possible,No_check_possible,No_check_possible
273,102547267,26,0.11538461538461539,0.19230769230769232,N,Not_Applicable(<30 pts),No_check_possible,No_check_possible,No_check_possible,No_check_possible,No_check_possible
274,102831297,29,0.1724137931034483,0.20689655172413793,N,Not_Applicable(<30 pts),No_check_possible,No_check_possible,No_check_possible,No_check_possible,No_check_possible
275,101521808,46,0.1956521739130435,0.21739130434782608,Y,0-40%,True,No_check_possible,No_check_possible,No_check_possible,No_check_possible
276,101412398,5,0.2,0.2,N,Not_Applicable(<30 pts),No_check_possible,No_check_possible,No_check_possible,No_check_possible,No_check_possible
277,15762564,31,0.0967741935483871,0.0967741935483871,Y,0-40%,True,No_check_possible,No_check_possible,No_check_possible,No_check_possible
278,104294150,12,0.08333333333333333,0.25,N,Not_Applicable(<30 pts),No_check_possible,No_check_possible,No_check_possible,No_check_possible,No_check_possible
279,101482459,29,0.1724137931034483,0.27586206896551724,N,Not_Applicable(<30 pts),No_check_possible,No_check_possible,No_check_possible,No_check_possible,No_check_possible
280,104290441,31,0.0967741935483871,0.0967741935483871,Y,0-40%,True,No_check_possible,No_check_possible,No_check_possible,No_check_possible
281,18313433,20,0.1,0.1,N,Not_Applicable(<30 pts),No_check_possible,No_check_possible,No_check_possible,No_check_possible,No_check_possible
282,15727091,63,0.2222222222222222,0.47619047619047616,Y,0-40%,True,No_check_possible,No_check_possible,No_check_possible,No_check_possible
283,15732407,62,0.24193548387096775,0.967741935483871,Y,0-40%,True,No_check_possible,No_check_possible,No_check_possible,No_check_possible
284,42258787,45,0.044444444444444446,0.044444444444444446,Y,0-40%,True,No_check_possible,No_check_possible,No_check_possible,No_check_possible
285,100597192,49,0.10204081632653061,0.42857142857142855,Y,0-40%,True,No_check_possible,No_check_possible,No_check_possible,No_check_possible
286,101934331,29,0.13793103448275862,0.20689655172413793,N,Not_Applicable(<30 pts),No_check_possible,No_check_possible,No_check_possible,No_check_possible,No_check_possible
287,102099229,3,0.6666666666666666,0.6666666666666666,N,Not_Applicable(<30 pts),No_check_possible,No_check_possible,No_check_possible,No_check_possible,No_check_possible
288,102325014,62,0.1774193548387097,0.43548387096774194,Y,0-40%,True,No_check_possible,No_check_possible,No_check_possible,No_check_possible
289,102825342,23,0.17391304347826086,0.30434782608695654,N,Not_Applicable(<30 pts),No_check_possible,No_check_possible,No_check_possible,No_check_possible,No_check_possible
290,100804095,35,0.05714285714285714,0.05714285714285714,Y,0-40%,True,No_check_possible,No_check_possible,No_check_possible,No_check_possible
291,101957734,62,0.1774193548387097,0.3387096774193548,Y,0-40%,True,No_check_possible,No_check_possible,No_check_possible,No_check_possible
292,42210118,64,0.1875,0.296875,Y,0-40%,True,No_check_possible,No_check_possible,No_check_possible,No_check_possible
293,104284108,24,0.16666666666666666,0.2916666666666667,N,Not_Applicable(<30 pts),No_check_possible,No_check_possible,No_check_possible,No_check_possible,No_check_possible
294,15598309,22,0.13636363636363635,0.13636363636363635,N,Not_Applicable(<30 pts),No_check_possible,No_check_possible,No_check_possible,No_check_possible,No_check_possible
295,102863952,15,0.26666666666666666,0.4666666666666667,N,Not_Applicable(<30 pts),No_check_possible,No_check_possible,No_check_possible,No_check_possible,No_check_possible
296,100567475,10,0.2,3.2,N,Not_Applicable(<30 pts),No_check_possible,No_check_possible,No_check_possible,No_check_possible,No_check_possible
297,49085360,32,0.09375,0.09375,Y,0-40%,True,No_check_possible,No_check_possible,No_check_possible,No_check_possible
298,100147462,40,0.325,2.15,Y,0-40%,True,No_check_possible,No_check_possible,No_check_possible,No_check_possible
299,42144770,74,0.25675675675675674,0.6351351351351351,Y,0-40%,True,No_check_possible,No_check_possible,No_check_possible,No_check_possible
300,100702765,43,0.27906976744186046,0.4186046511627907,Y,0-40%,True,No_check_possible,No_check_possible,No_check_possible,No_check_possible
301,102630511,22,0.09090909090909091,0.13636363636363635,N,Not_Applicable(<30 pts),No_check_possible,No_check_possible,No_check_possible,No_check_possible,No_check_possible
302,11677680,59,0.05084745762711865,0.11864406779661017,Y,0-40%,True,No_check_possible,No_check_possible,No_check_possible,No_check_possible
303,42307052,67,0.2835820895522388,0.5074626865671642,Y,0-40%,True,No_check_possible,No_check_possible,No_check_possible,No_check_possible
304,101958350,65,0.16923076923076924,0.6307692307692307,Y,0-40%,True,No_check_possible,No_check_possible,No_check_possible,No_check_possible
305,11602779,15,0.13333333333333333,0.13333333333333333,N,Not_Applicable(<30 pts),No_check_possible,No_check_possible,No_check_possible,No_check_possible,No_check_possible
306,101947119,34,0.29411764705882354,0.5,Y,0-40%,True,No_check_possible,No_check_possible,No_check_possible,No_check_possible
307,11204339,10,0.3,0.3,N,Not_Applicable(<30 pts),No_check_possible,No_check_possible,No_check_possible,No_check_possible,No_check_possible
308,11291115,69,0.13043478260869565,0.17391304347826086,Y,0-40%,True,No_check_possible,No_check_possible,No_check_possible,No_check_possible
309,100296246,59,0.2711864406779661,1.2542372881355932,Y,0-40%,True,No_check_possible,No_check_possible,No_check_possible,No_check_possible
310,15732363,35,0.08571428571428572,0.17142857142857143,Y,0-40%,True,No_check_possible,No_check_possible,No_check_possible,No_check_possible
311,16085258,46,0.043478260869565216,0.043478260869565216,Y,0-40%,True,No_check_possible,No_check_possible,No_check_possible,No_check_possible
312,18286565,57,0.42105263157894735,1.543859649122807,Y,40-70%,False,trend-non-stationary,1,seasonal_stationary,0
313,15771793,62,0.27419354838709675,0.8225806451612904,Y,0-40%,True,No_check_possible,No_check_possible,No_check_possible,No_check_possible
314,14003817,23,0.13043478260869565,0.13043478260869565,N,Not_Applicable(<30 pts),No_check_possible,No_check_possible,No_check_possible,No_check_possible,No_check_possible
315,102882384,18,0.16666666666666666,0.16666666666666666,N,Not_Applicable(<30 pts),No_check_possible,No_check_possible,No_check_possible,No_check_possible,No_check_possible
316,102189637,11,0.09090909090909091,0.09090909090909091,N,Not_Applicable(<30 pts),No_check_possible,No_check_possible,No_check_possible,No_check_possible,No_check_possible
317,11645698,30,0.06666666666666667,0.06666666666666667,Y,0-40%,True,No_check_possible,No_check_possible,No_check_possible,No_check_possible
318,17158688,49,0.061224489795918366,0.08163265306122448,Y,0-40%,True,No_check_possible,No_check_possible,No_check_possible,No_check_possible
319,11339821,60,0.15,0.23333333333333334,Y,0-40%,True,No_check_possible,No_check_possible,No_check_possible,No_check_possible
320,11576211,63,0.09523809523809523,0.12698412698412698,Y,0-40%,True,No_check_possible,No_check_possible,No_check_possible,No_check_possible
321,49093245,65,0.2153846153846154,0.3384615384615385,Y,0-40%,True,No_check_possible,No_check_possible,No_check_possible,No_check_possible
322,13774358,48,0.10416666666666667,0.1875,Y,0-40%,True,No_check_possible,No_check_possible,No_check_possible,No_check_possible
323,13774376,41,0.12195121951219512,0.17073170731707318,Y,0-40%,True,No_check_possible,No_check_possible,No_check_possible,No_check_possible
324,14611627,64,0.125,0.328125,Y,0-40%,True,No_check_possible,No_check_possible,No_check_possible,No_check_possible
325,11573799,49,0.061224489795918366,0.061224489795918366,Y,0-40%,True,No_check_possible,No_check_possible,No_check_possible,No_check_possible
326,101825353,29,0.13793103448275862,0.1724137931034483,N,Not_Applicable(<30 pts),No_check_possible,No_check_possible,No_check_possible,No_check_possible,No_check_possible
327,42210057,25,0.08,0.12,N,Not_Applicable(<30 pts),No_check_possible,No_check_possible,No_check_possible,No_check_possible,No_check_possible
328,16340227,53,0.16981132075471697,1.8113207547169812,Y,0-40%,True,No_check_possible,No_check_possible,No_check_possible,No_check_possible
329,42138998,38,0.07894736842105263,0.10526315789473684,Y,0-40%,True,No_check_possible,No_check_possible,No_check_possible,No_check_possible
330,100646942,52,0.11538461538461539,0.17307692307692307,Y,0-40%,True,No_check_possible,No_check_possible,No_check_possible,No_check_possible
331,102818945,50,0.48,2.08,Y,40-70%,True,No_check_possible,No_check_possible,No_check_possible,No_check_possible
332,11422317,48,0.0625,0.0625,Y,0-40%,True,No_check_possible,No_check_possible,No_check_possible,No_check_possible
333,102102444,72,0.3611111111111111,3.75,Y,0-40%,True,No_check_possible,No_check_possible,No_check_possible,No_check_possible
334,49122320,56,0.16071428571428573,0.35714285714285715,Y,0-40%,True,No_check_possible,No_check_possible,No_check_possible,No_check_possible
335,101957662,28,0.07142857142857142,0.07142857142857142,N,Not_Applicable(<30 pts),No_check_possible,No_check_possible,No_check_possible,No_check_possible,No_check_possible
336,100597141,20,0.4,0.9,N,Not_Applicable(<30 pts),No_check_possible,No_check_possible,No_check_possible,No_check_possible,No_check_possible
337,102408504,20,0.55,1.75,N,Not_Applicable(<30 pts),No_check_possible,No_check_possible,No_check_possible,No_check_possible,No_check_possible
338,11664393,56,0.125,0.17857142857142858,Y,0-40%,True,No_check_possible,No_check_possible,No_check_possible,No_check_possible
339,42076843,70,0.6285714285714286,4.585714285714285,Y,40-70%,True,No_check_possible,No_check_possible,No_check_possible,No_check_possible
340,102193352,24,0.20833333333333334,0.25,N,Not_Applicable(<30 pts),No_check_possible,No_check_possible,No_check_possible,No_check_possible,No_check_possible
341,100323300,19,0.10526315789473684,0.10526315789473684,N,Not_Applicable(<30 pts),No_check_possible,No_check_possible,No_check_possible,No_check_possible,No_check_possible
342,102531522,13,0.15384615384615385,0.3076923076923077,N,Not_Applicable(<30 pts),No_check_possible,No_check_possible,No_check_possible,No_check_possible,No_check_possible
343,102096424,24,0.125,0.16666666666666666,N,Not_Applicable(<30 pts),No_check_possible,No_check_possible,No_check_possible,No_check_possible,No_check_possible
344,11664028,52,0.09615384615384616,0.09615384615384616,Y,0-40%,True,No_check_possible,No_check_possible,No_check_possible,No_check_possible
345,102875425,19,0.2631578947368421,0.3157894736842105,N,Not_Applicable(<30 pts),No_check_possible,No_check_possible,No_check_possible,No_check_possible,No_check_possible
346,102136943,22,0.6363636363636364,1.9090909090909092,N,Not_Applicable(<30 pts),No_check_possible,No_check_possible,No_check_possible,No_check_possible,No_check_possible
347,49088786,65,0.2,0.35384615384615387,Y,0-40%,True,No_check_possible,No_check_possible,No_check_possible,No_check_possible
348,100663091,49,0.12244897959183673,0.1836734693877551,Y,0-40%,True,No_check_possible,No_check_possible,No_check_possible,No_check_possible
349,100663081,21,0.14285714285714285,0.19047619047619047,N,Not_Applicable(<30 pts),No_check_possible,No_check_possible,No_check_possible,No_check_possible,No_check_possible
350,351420,65,0.12307692307692308,2.0307692307692307,Y,0-40%,True,No_check_possible,No_check_possible,No_check_possible,No_check_possible
351,21275818,58,0.15517241379310345,0.3103448275862069,Y,0-40%,True,No_check_possible,No_check_possible,No_check_possible,No_check_possible
352,11157861,19,0.15789473684210525,0.21052631578947367,N,Not_Applicable(<30 pts),No_check_possible,No_check_possible,No_check_possible,No_check_possible,No_check_possible
353,11467527,61,0.06557377049180328,0.5409836065573771,Y,0-40%,True,No_check_possible,No_check_possible,No_check_possible,No_check_possible
354,15957616,23,0.08695652173913043,0.08695652173913043,N,Not_Applicable(<30 pts),No_check_possible,No_check_possible,No_check_possible,No_check_possible,No_check_possible
355,102782353,24,0.041666666666666664,0.041666666666666664,N,Not_Applicable(<30 pts),No_check_possible,No_check_possible,No_check_possible,No_check_possible,No_check_possible
356,102914273,15,0.26666666666666666,0.26666666666666666,N,Not_Applicable(<30 pts),No_check_possible,No_check_possible,No_check_possible,No_check_possible,No_check_possible
357,102117389,30,0.1,0.16666666666666666,Y,0-40%,True,No_check_possible,No_check_possible,No_check_possible,No_check_possible
358,42272676,23,0.13043478260869565,0.17391304347826086,N,Not_Applicable(<30 pts),No_check_possible,No_check_possible,No_check_possible,No_check_possible,No_check_possible
359,105717175,15,0.2,0.8666666666666667,N,Not_Applicable(<30 pts),No_check_possible,No_check_possible,No_check_possible,No_check_possible,No_check_possible
360,42154141,61,0.26229508196721313,0.39344262295081966,Y,0-40%,True,No_check_possible,No_check_possible,No_check_possible,No_check_possible
361,49355509,24,0.25,0.3333333333333333,N,Not_Applicable(<30 pts),No_check_possible,No_check_possible,No_check_possible,No_check_possible,No_check_possible
362,42223445,37,0.13513513513513514,0.16216216216216217,Y,0-40%,True,No_check_possible,No_check_possible,No_check_possible,No_check_possible
363,100785284,53,0.1320754716981132,0.18867924528301888,Y,0-40%,True,No_check_possible,No_check_possible,No_check_possible,No_check_possible
364,100588455,36,0.1111111111111111,0.19444444444444445,Y,0-40%,True,No_check_possible,No_check_possible,No_check_possible,No_check_possible
365,102631125,56,0.07142857142857142,0.07142857142857142,Y,0-40%,True,No_check_possible,No_check_possible,No_check_possible,No_check_possible
366,102552263,37,0.13513513513513514,0.13513513513513514,Y,0-40%,True,No_check_possible,No_check_possible,No_check_possible,No_check_possible
367,102497817,63,0.1111111111111111,0.1111111111111111,Y,0-40%,True,No_check_possible,No_check_possible,No_check_possible,No_check_possible
368,102525502,59,0.11864406779661017,0.3050847457627119,Y,0-40%,True,No_check_possible,No_check_possible,No_check_possible,No_check_possible
369,102747102,54,0.1111111111111111,0.12962962962962962,Y,0-40%,True,No_check_possible,No_check_possible,No_check_possible,No_check_possible
370,102567631,41,0.04878048780487805,0.04878048780487805,Y,0-40%,True,No_check_possible,No_check_possible,No_check_possible,No_check_possible
371,102612024,40,0.1,0.125,Y,0-40%,True,No_check_possible,No_check_possible,No_check_possible,No_check_possible
372,102638730,37,0.05405405405405406,0.05405405405405406,Y,0-40%,True,No_check_possible,No_check_possible,No_check_possible,No_check_possible
373,101934358,60,0.08333333333333333,0.11666666666666667,Y,0-40%,True,No_check_possible,No_check_possible,No_check_possible,No_check_possible
374,102757348,30,0.06666666666666667,0.06666666666666667,Y,0-40%,True,No_check_possible,No_check_possible,No_check_possible,No_check_possible
375,102612004,42,0.11904761904761904,0.6428571428571429,Y,0-40%,True,No_check_possible,No_check_possible,No_check_possible,No_check_possible
376,100781528,38,0.07894736842105263,0.23684210526315788,Y,0-40%,True,No_check_possible,No_check_possible,No_check_possible,No_check_possible
377,102633399,33,0.42424242424242425,0.9393939393939394,Y,40-70%,True,No_check_possible,No_check_possible,No_check_possible,No_check_possible
378,102904423,20,0.1,0.15,N,Not_Applicable(<30 pts),No_check_possible,No_check_possible,No_check_possible,No_check_possible,No_check_possible
379,100689209,55,0.16363636363636364,0.18181818181818182,Y,0-40%,True,No_check_possible,No_check_possible,No_check_possible,No_check_possible
380,100150129,50,0.36,3.88,Y,0-40%,True,No_check_possible,No_check_possible,No_check_possible,No_check_possible
381,102567623,49,0.30612244897959184,4.244897959183674,Y,0-40%,True,No_check_possible,No_check_possible,No_check_possible,No_check_possible
382,102737684,57,0.22807017543859648,9.578947368421053,Y,0-40%,True,No_check_possible,No_check_possible,No_check_possible,No_check_possible
383,102630971,27,0.07407407407407407,0.07407407407407407,N,Not_Applicable(<30 pts),No_check_possible,No_check_possible,No_check_possible,No_check_possible,No_check_possible
384,102571752,32,0.09375,0.125,Y,0-40%,True,No_check_possible,No_check_possible,No_check_possible,No_check_possible
385,102386960,40,0.125,0.225,Y,0-40%,True,No_check_possible,No_check_possible,No_check_possible,No_check_possible
386,102795339,39,0.1794871794871795,14.307692307692308,Y,0-40%,True,No_check_possible,No_check_possible,No_check_possible,No_check_possible
387,102489157,19,0.10526315789473684,1.736842105263158,N,Not_Applicable(<30 pts),No_check_possible,No_check_possible,No_check_possible,No_check_possible,No_check_possible
388,101499776,43,0.3488372093023256,2.9302325581395348,Y,0-40%,True,No_check_possible,No_check_possible,No_check_possible,No_check_possible
389,101489587,21,0.14285714285714285,0.19047619047619047,N,Not_Applicable(<30 pts),No_check_possible,No_check_possible,No_check_possible,No_check_possible,No_check_possible
390,102524956,18,0.05555555555555555,0.05555555555555555,N,Not_Applicable(<30 pts),No_check_possible,No_check_possible,No_check_possible,No_check_possible,No_check_possible
391,102294438,29,0.13793103448275862,0.2413793103448276,N,Not_Applicable(<30 pts),No_check_possible,No_check_possible,No_check_possible,No_check_possible,No_check_possible
392,15812275,64,0.09375,0.125,Y,0-40%,True,No_check_possible,No_check_possible,No_check_possible,No_check_possible
393,100074761,44,0.11363636363636363,0.18181818181818182,Y,0-40%,True,No_check_possible,No_check_possible,No_check_possible,No_check_possible
394,11645700,45,0.08888888888888889,0.13333333333333333,Y,0-40%,True,No_check_possible,No_check_possible,No_check_possible,No_check_possible
395,100835125,68,0.27941176470588236,0.6029411764705882,Y,0-40%,True,No_check_possible,No_check_possible,No_check_possible,No_check_possible
396,42298536,42,0.09523809523809523,0.16666666666666666,Y,0-40%,True,No_check_possible,No_check_possible,No_check_possible,No_check_possible
397,42222070,34,0.17647058823529413,0.20588235294117646,Y,0-40%,True,No_check_possible,No_check_possible,No_check_possible,No_check_possible
398,101486287,30,0.16666666666666666,0.2,Y,0-40%,True,No_check_possible,No_check_possible,No_check_possible,No_check_possible
399,101489311,49,0.061224489795918366,0.061224489795918366,Y,0-40%,True,No_check_possible,No_check_possible,No_check_possible,No_check_possible
400,42133276,62,0.14516129032258066,0.5645161290322581,Y,0-40%,True,No_check_possible,No_check_possible,No_check_possible,No_check_possible
401,102283520,32,0.0625,0.0625,Y,0-40%,True,No_check_possible,No_check_possible,No_check_possible,No_check_possible
402,102489175,6,0.3333333333333333,0.3333333333333333,N,Not_Applicable(<30 pts),No_check_possible,No_check_possible,No_check_possible,No_check_possible,No_check_possible
403,42224097,63,0.12698412698412698,0.1746031746031746,Y,0-40%,True,No_check_possible,No_check_possible,No_check_possible,No_check_possible
404,15733263,69,0.14492753623188406,0.18840579710144928,Y,0-40%,True,No_check_possible,No_check_possible,No_check_possible,No_check_possible
405,42262162,40,0.075,0.1,Y,0-40%,True,No_check_possible,No_check_possible,No_check_possible,No_check_possible
406,100602792,69,0.3333333333333333,0.5942028985507246,Y,0-40%,True,No_check_possible,No_check_possible,No_check_possible,No_check_possible
407,100485101,69,0.17391304347826086,0.2463768115942029,Y,0-40%,True,No_check_possible,No_check_possible,No_check_possible,No_check_possible
408,11656294,66,0.18181818181818182,0.5303030303030303,Y,0-40%,True,No_check_possible,No_check_possible,No_check_possible,No_check_possible
409,100061097,63,0.15873015873015872,0.2857142857142857,Y,0-40%,True,No_check_possible,No_check_possible,No_check_possible,No_check_possible
410,104204935,26,0.11538461538461539,1.0384615384615385,N,Not_Applicable(<30 pts),No_check_possible,No_check_possible,No_check_possible,No_check_possible,No_check_possible
411,37457565,40,0.075,0.075,Y,0-40%,True,No_check_possible,No_check_possible,No_check_possible,No_check_possible
412,102217801,29,0.3448275862068966,0.9310344827586207,N,Not_Applicable(<30 pts),No_check_possible,No_check_possible,No_check_possible,No_check_possible,No_check_possible
413,11026666,63,0.14285714285714285,0.1746031746031746,Y,0-40%,True,No_check_possible,No_check_possible,No_check_possible,No_check_possible
414,11206730,41,0.12195121951219512,0.24390243902439024,Y,0-40%,True,No_check_possible,No_check_possible,No_check_possible,No_check_possible
415,42122361,43,0.046511627906976744,0.046511627906976744,Y,0-40%,True,No_check_possible,No_check_possible,No_check_possible,No_check_possible
416,100147186,66,0.21212121212121213,0.3181818181818182,Y,0-40%,True,No_check_possible,No_check_possible,No_check_possible,No_check_possible
417,42222595,61,0.22950819672131148,0.639344262295082,Y,0-40%,True,No_check_possible,No_check_possible,No_check_possible,No_check_possible
418,100775255,43,0.09302325581395349,0.11627906976744186,Y,0-40%,True,No_check_possible,No_check_possible,No_check_possible,No_check_possible
419,37459721,72,0.1111111111111111,0.2777777777777778,Y,0-40%,True,No_check_possible,No_check_possible,No_check_possible,No_check_possible
420,42307408,70,0.2,3.0285714285714285,Y,0-40%,True,No_check_possible,No_check_possible,No_check_possible,No_check_possible
421,15728563,47,0.0425531914893617,0.0425531914893617,Y,0-40%,True,No_check_possible,No_check_possible,No_check_possible,No_check_possible
422,101837807,33,0.18181818181818182,0.30303030303030304,Y,0-40%,True,No_check_possible,No_check_possible,No_check_possible,No_check_possible
423,11688036,72,0.3611111111111111,0.9305555555555556,Y,0-40%,True,No_check_possible,No_check_possible,No_check_possible,No_check_possible
424,102293944,46,0.32608695652173914,0.7608695652173914,Y,0-40%,True,No_check_possible,No_check_possible,No_check_possible,No_check_possible
425,49100920,17,0.11764705882352941,0.11764705882352941,N,Not_Applicable(<30 pts),No_check_possible,No_check_possible,No_check_possible,No_check_possible,No_check_possible
426,42202628,29,0.10344827586206896,2.413793103448276,N,Not_Applicable(<30 pts),No_check_possible,No_check_possible,No_check_possible,No_check_possible,No_check_possible
427,104284042,27,0.1111111111111111,0.2222222222222222,N,Not_Applicable(<30 pts),No_check_possible,No_check_possible,No_check_possible,No_check_possible,No_check_possible
428,11631578,56,0.16071428571428573,0.30357142857142855,Y,0-40%,True,No_check_possible,No_check_possible,No_check_possible,No_check_possible
429,11027579,56,0.125,0.125,Y,0-40%,True,No_check_possible,No_check_possible,No_check_possible,No_check_possible
430,37459770,55,0.2545454545454545,0.4909090909090909,Y,0-40%,True,No_check_possible,No_check_possible,No_check_possible,No_check_possible
431,102095363,35,0.08571428571428572,0.08571428571428572,Y,0-40%,False,trend-non-stationary,1,seasonal_stationary,0
432,12073380,48,0.125,0.125,Y,0-40%,True,No_check_possible,No_check_possible,No_check_possible,No_check_possible
433,11560602,45,0.1111111111111111,0.13333333333333333,Y,0-40%,True,No_check_possible,No_check_possible,No_check_possible,No_check_possible
434,42133222,56,0.125,0.32142857142857145,Y,0-40%,True,No_check_possible,No_check_possible,No_check_possible,No_check_possible
435,105716983,30,0.03333333333333333,0.03333333333333333,Y,0-40%,True,No_check_possible,No_check_possible,No_check_possible,No_check_possible
436,11677651,57,0.22807017543859648,0.8947368421052632,Y,0-40%,True,No_check_possible,No_check_possible,No_check_possible,No_check_possible
437,15728809,52,0.23076923076923078,0.5,Y,0-40%,True,No_check_possible,No_check_possible,No_check_possible,No_check_possible
438,102557138,67,0.11940298507462686,0.19402985074626866,Y,0-40%,True,No_check_possible,No_check_possible,No_check_possible,No_check_possible
439,100064187,43,0.11627906976744186,0.13953488372093023,Y,0-40%,True,No_check_possible,No_check_possible,No_check_possible,No_check_possible
440,102788317,21,0.23809523809523808,0.23809523809523808,N,Not_Applicable(<30 pts),No_check_possible,No_check_possible,No_check_possible,No_check_possible,No_check_possible
441,100671876,10,0.2,0.2,N,Not_Applicable(<30 pts),No_check_possible,No_check_possible,No_check_possible,No_check_possible,No_check_possible
442,15727461,59,0.1694915254237288,0.2542372881355932,Y,0-40%,True,No_check_possible,No_check_possible,No_check_possible,No_check_possible
443,16097309,66,0.10606060606060606,0.15151515151515152,Y,0-40%,True,No_check_possible,No_check_possible,No_check_possible,No_check_possible
444,37458873,54,0.09259259259259259,0.18518518518518517,Y,0-40%,True,No_check_possible,No_check_possible,No_check_possible,No_check_possible
445,100702518,55,0.14545454545454545,0.3090909090909091,Y,0-40%,True,No_check_possible,No_check_possible,No_check_possible,No_check_possible
446,102294112,37,0.05405405405405406,0.10810810810810811,Y,0-40%,True,No_check_possible,No_check_possible,No_check_possible,No_check_possible
447,101942913,27,0.07407407407407407,0.1111111111111111,N,Not_Applicable(<30 pts),No_check_possible,No_check_possible,No_check_possible,No_check_possible,No_check_possible
448,102859416,46,0.30434782608695654,0.5,Y,0-40%,True,No_check_possible,No_check_possible,No_check_possible,No_check_possible
449,102985584,32,0.25,0.4375,Y,0-40%,True,No_check_possible,No_check_possible,No_check_possible,No_check_possible
450,14139140,45,0.08888888888888889,0.13333333333333333,Y,0-40%,True,No_check_possible,No_check_possible,No_check_possible,No_check_possible
451,11677516,32,0.125,0.15625,Y,0-40%,True,No_check_possible,No_check_possible,No_check_possible,No_check_possible
452,16165709,66,0.22727272727272727,0.3181818181818182,Y,0-40%,True,No_check_possible,No_check_possible,No_check_possible,No_check_possible
453,42203413,24,0.08333333333333333,0.20833333333333334,N,Not_Applicable(<30 pts),No_check_possible,No_check_possible,No_check_possible,No_check_possible,No_check_possible
454,42222861,59,0.0847457627118644,0.11864406779661017,Y,0-40%,True,No_check_possible,No_check_possible,No_check_possible,No_check_possible
455,100824309,57,0.08771929824561403,0.10526315789473684,Y,0-40%,True,No_check_possible,No_check_possible,No_check_possible,No_check_possible
456,100774967,71,0.30985915492957744,0.5774647887323944,Y,0-40%,True,No_check_possible,No_check_possible,No_check_possible,No_check_possible
457,100467614,69,0.2463768115942029,0.5797101449275363,Y,0-40%,True,No_check_possible,No_check_possible,No_check_possible,No_check_possible
458,102142913,70,0.2714285714285714,1.5857142857142856,Y,0-40%,True,No_check_possible,No_check_possible,No_check_possible,No_check_possible
459,100556235,50,0.16,0.36,Y,0-40%,True,No_check_possible,No_check_possible,No_check_possible,No_check_possible
460,100804757,39,0.10256410256410256,0.2564102564102564,Y,0-40%,True,No_check_possible,No_check_possible,No_check_possible,No_check_possible
461,101519560,54,0.1111111111111111,0.2222222222222222,Y,0-40%,True,No_check_possible,No_check_possible,No_check_possible,No_check_possible
462,16592936,69,0.34782608695652173,0.782608695652174,Y,0-40%,True,No_check_possible,No_check_possible,No_check_possible,No_check_possible
463,100095835,72,0.5277777777777778,3.6666666666666665,Y,40-70%,True,No_check_possible,No_check_possible,No_check_possible,No_check_possible
464,102395310,69,0.34782608695652173,1.2608695652173914,Y,0-40%,True,No_check_possible,No_check_possible,No_check_possible,No_check_possible
465,100453630,59,0.13559322033898305,0.3389830508474576,Y,0-40%,True,No_check_possible,No_check_possible,No_check_possible,No_check_possible
466,42218605,67,0.2835820895522388,1.507462686567164,Y,0-40%,True,No_check_possible,No_check_possible,No_check_possible,No_check_possible
467,100602231,29,0.1724137931034483,0.1724137931034483,N,Not_Applicable(<30 pts),No_check_possible,No_check_possible,No_check_possible,No_check_possible,No_check_possible
468,102531430,23,0.08695652173913043,0.13043478260869565,N,Not_Applicable(<30 pts),No_check_possible,No_check_possible,No_check_possible,No_check_possible,No_check_possible
469,11233828,9,0.2222222222222222,0.2222222222222222,N,Not_Applicable(<30 pts),No_check_possible,No_check_possible,No_check_possible,No_check_possible,No_check_possible
470,102488388,22,0.2727272727272727,0.8181818181818182,N,Not_Applicable(<30 pts),No_check_possible,No_check_possible,No_check_possible,No_check_possible,No_check_possible
471,11157642,66,0.22727272727272727,0.36363636363636365,Y,0-40%,True,No_check_possible,No_check_possible,No_check_possible,No_check_possible
472,101471551,55,0.10909090909090909,0.12727272727272726,Y,0-40%,True,No_check_possible,No_check_possible,No_check_possible,No_check_possible
473,11638165,31,0.0967741935483871,0.0967741935483871,Y,0-40%,True,No_check_possible,No_check_possible,No_check_possible,No_check_possible
474,11020194,32,0.0625,0.0625,Y,0-40%,True,No_check_possible,No_check_possible,No_check_possible,No_check_possible
475,102611391,22,0.18181818181818182,0.22727272727272727,N,Not_Applicable(<30 pts),No_check_possible,No_check_possible,No_check_possible,No_check_possible,No_check_possible
476,102808151,9,0.2222222222222222,0.2222222222222222,N,Not_Applicable(<30 pts),No_check_possible,No_check_possible,No_check_possible,No_check_possible,No_check_possible
477,11602061,23,0.21739130434782608,0.2608695652173913,N,Not_Applicable(<30 pts),No_check_possible,No_check_possible,No_check_possible,No_check_possible,No_check_possible
478,102917934,25,0.4,2.96,N,Not_Applicable(<30 pts),No_check_possible,No_check_possible,No_check_possible,No_check_possible,No_check_possible
479,42221135,20,0.1,0.1,N,Not_Applicable(<30 pts),No_check_possible,No_check_possible,No_check_possible,No_check_possible,No_check_possible
480,102859374,17,0.11764705882352941,0.23529411764705882,N,Not_Applicable(<30 pts),No_check_possible,No_check_possible,No_check_possible,No_check_possible,No_check_possible
481,102892964,17,0.17647058823529413,0.29411764705882354,N,Not_Applicable(<30 pts),No_check_possible,No_check_possible,No_check_possible,No_check_possible,No_check_possible
482,102742995,7,0.2857142857142857,0.2857142857142857,N,Not_Applicable(<30 pts),No_check_possible,No_check_possible,No_check_possible,No_check_possible,No_check_possible
483,105716651,11,0.18181818181818182,0.2727272727272727,N,Not_Applicable(<30 pts),No_check_possible,No_check_possible,No_check_possible,No_check_possible,No_check_possible
484,102921626,30,0.36666666666666664,0.7,Y,0-40%,True,No_check_possible,No_check_possible,No_check_possible,No_check_possible
485,100557893,22,0.22727272727272727,0.4090909090909091,N,Not_Applicable(<30 pts),No_check_possible,No_check_possible,No_check_possible,No_check_possible,No_check_possible
486,102862125,35,0.14285714285714285,0.2571428571428571,Y,0-40%,True,No_check_possible,No_check_possible,No_check_possible,No_check_possible
487,101854129,29,0.20689655172413793,0.2413793103448276,N,Not_Applicable(<30 pts),No_check_possible,No_check_possible,No_check_possible,No_check_possible,No_check_possible
488,101909494,36,0.1388888888888889,0.3333333333333333,Y,0-40%,True,No_check_possible,No_check_possible,No_check_possible,No_check_possible
489,104192587,23,0.21739130434782608,0.43478260869565216,N,Not_Applicable(<30 pts),No_check_possible,No_check_possible,No_check_possible,No_check_possible,No_check_possible
490,102904532,12,0.25,0.3333333333333333,N,Not_Applicable(<30 pts),No_check_possible,No_check_possible,No_check_possible,No_check_possible,No_check_possible
491,102279889,27,0.07407407407407407,0.07407407407407407,N,Not_Applicable(<30 pts),No_check_possible,No_check_possible,No_check_possible,No_check_possible,No_check_possible
492,16318834,39,0.1282051282051282,0.358974358974359,Y,0-40%,True,No_check_possible,No_check_possible,No_check_possible,No_check_possible
493,102775304,13,0.5384615384615384,1.3076923076923077,N,Not_Applicable(<30 pts),No_check_possible,No_check_possible,No_check_possible,No_check_possible,No_check_possible
494,102747100,8,0.25,0.375,N,Not_Applicable(<30 pts),No_check_possible,No_check_possible,No_check_possible,No_check_possible,No_check_possible
495,16318866,52,0.19230769230769232,0.5961538461538461,Y,0-40%,True,No_check_possible,No_check_possible,No_check_possible,No_check_possible
496,15594794,46,0.043478260869565216,0.08695652173913043,Y,0-40%,True,No_check_possible,No_check_possible,No_check_possible,No_check_possible
497,15727657,34,0.08823529411764706,0.08823529411764706,Y,0-40%,True,No_check_possible,No_check_possible,No_check_possible,No_check_possible
498,101517878,6,0.16666666666666666,0.16666666666666666,N,Not_Applicable(<30 pts),No_check_possible,No_check_possible,No_check_possible,No_check_possible,No_check_possible
499,102408818,44,0.1590909090909091,0.18181818181818182,Y,0-40%,True,No_check_possible,No_check_possible,No_check_possible,No_check_possible
500,102571814,11,0.2727272727272727,0.2727272727272727,N,Not_Applicable(<30 pts),No_check_possible,No_check_possible,No_check_possible,No_check_possible,No_check_possible
501,11573806,55,0.16363636363636364,0.16363636363636364,Y,0-40%,True,No_check_possible,No_check_possible,No_check_possible,No_check_possible
502,42242335,14,0.14285714285714285,0.14285714285714285,N,Not_Applicable(<30 pts),No_check_possible,No_check_possible,No_check_possible,No_check_possible,No_check_possible
503,11678035,27,0.1111111111111111,0.1111111111111111,N,Not_Applicable(<30 pts),No_check_possible,No_check_possible,No_check_possible,No_check_possible,No_check_possible
504,100734416,45,0.13333333333333333,0.2222222222222222,Y,0-40%,True,No_check_possible,No_check_possible,No_check_possible,No_check_possible
505,100663777,70,0.3,0.5,Y,0-40%,True,No_check_possible,No_check_possible,No_check_possible,No_check_possible
506,100085099,49,0.02040816326530612,0.02040816326530612,Y,0-40%,True,No_check_possible,No_check_possible,No_check_possible,No_check_possible
507,49069900,65,0.24615384615384617,0.26153846153846155,Y,0-40%,True,No_check_possible,No_check_possible,No_check_possible,No_check_possible
508,15627391,46,0.06521739130434782,0.13043478260869565,Y,0-40%,True,No_check_possible,No_check_possible,No_check_possible,No_check_possible
509,101837789,43,0.09302325581395349,0.09302325581395349,Y,0-40%,True,No_check_possible,No_check_possible,No_check_possible,No_check_possible
510,100556859,56,0.25,0.39285714285714285,Y,0-40%,True,No_check_possible,No_check_possible,No_check_possible,No_check_possible
511,11352919,20,0.1,0.1,N,Not_Applicable(<30 pts),No_check_possible,No_check_possible,No_check_possible,No_check_possible,No_check_possible
512,42150151,63,0.2698412698412698,0.5396825396825397,Y,0-40%,True,No_check_possible,No_check_possible,No_check_possible,No_check_possible
513,11466137,39,0.05128205128205128,0.05128205128205128,Y,0-40%,True,No_check_possible,No_check_possible,No_check_possible,No_check_possible
514,100690080,66,0.30303030303030304,0.5151515151515151,Y,0-40%,True,No_check_possible,No_check_possible,No_check_possible,No_check_possible
515,102496811,53,0.4528301886792453,0.7735849056603774,Y,40-70%,True,No_check_possible,No_check_possible,No_check_possible,No_check_possible
516,15725879,12,0.08333333333333333,0.08333333333333333,N,Not_Applicable(<30 pts),No_check_possible,No_check_possible,No_check_possible,No_check_possible,No_check_possible
517,102181669,33,0.06060606060606061,0.12121212121212122,Y,0-40%,True,No_check_possible,No_check_possible,No_check_possible,No_check_possible
518,11507681,27,0.037037037037037035,1.1111111111111112,N,Not_Applicable(<30 pts),No_check_possible,No_check_possible,No_check_possible,No_check_possible,No_check_possible
519,102117294,50,0.04,0.06,Y,0-40%,True,No_check_possible,No_check_possible,No_check_possible,No_check_possible
520,42224672,9,0.2222222222222222,0.2222222222222222,N,Not_Applicable(<30 pts),No_check_possible,No_check_possible,No_check_possible,No_check_possible,No_check_possible
521,100085431,49,0.1836734693877551,0.24489795918367346,Y,0-40%,True,No_check_possible,No_check_possible,No_check_possible,No_check_possible
522,101825321,42,0.14285714285714285,0.30952380952380953,Y,0-40%,True,No_check_possible,No_check_possible,No_check_possible,No_check_possible
523,102157964,49,0.10204081632653061,0.32653061224489793,Y,0-40%,True,No_check_possible,No_check_possible,No_check_possible,No_check_possible
524,102175918,32,0.21875,0.28125,Y,0-40%,True,No_check_possible,No_check_possible,No_check_possible,No_check_possible
525,102546508,25,0.24,0.68,N,Not_Applicable(<30 pts),No_check_possible,No_check_possible,No_check_possible,No_check_possible,No_check_possible
526,102611319,19,0.3684210526315789,0.631578947368421,N,Not_Applicable(<30 pts),No_check_possible,No_check_possible,No_check_possible,No_check_possible,No_check_possible
527,101483811,15,0.2,0.4,N,Not_Applicable(<30 pts),No_check_possible,No_check_possible,No_check_possible,No_check_possible,No_check_possible
528,102882798,12,0.4166666666666667,1.75,N,Not_Applicable(<30 pts),No_check_possible,No_check_possible,No_check_possible,No_check_possible,No_check_possible
529,102294410,29,0.27586206896551724,0.5517241379310345,N,Not_Applicable(<30 pts),No_check_possible,No_check_possible,No_check_possible,No_check_possible,No_check_possible
530,102914380,12,0.5,1.1666666666666667,N,Not_Applicable(<30 pts),No_check_possible,No_check_possible,No_check_possible,No_check_possible,No_check_possible
531,104176610,26,0.2692307692307692,0.46153846153846156,N,Not_Applicable(<30 pts),No_check_possible,No_check_possible,No_check_possible,No_check_possible,No_check_possible
532,102767157,22,0.4090909090909091,1.0909090909090908,N,Not_Applicable(<30 pts),No_check_possible,No_check_possible,No_check_possible,No_check_possible,No_check_possible
533,101809569,37,0.6216216216216216,14.243243243243244,Y,40-70%,False,trend-non-stationary,1,seasonal_non_stationary,1
534,102645561,29,0.6551724137931034,1.896551724137931,N,Not_Applicable(<30 pts),No_check_possible,No_check_possible,No_check_possible,No_check_possible,No_check_possible
535,102855373,21,0.3333333333333333,0.5714285714285714,N,Not_Applicable(<30 pts),No_check_possible,No_check_possible,No_check_possible,No_check_possible,No_check_possible
536,102331694,29,0.2413793103448276,0.7241379310344828,N,Not_Applicable(<30 pts),No_check_possible,No_check_possible,No_check_possible,No_check_possible,No_check_possible
537,11707524,29,0.3103448275862069,0.6206896551724138,N,Not_Applicable(<30 pts),No_check_possible,No_check_possible,No_check_possible,No_check_possible,No_check_possible
538,102887589,31,0.5483870967741935,2.096774193548387,Y,40-70%,True,No_check_possible,No_check_possible,No_check_possible,No_check_possible
539,102349765,29,0.3448275862068966,1.1379310344827587,N,Not_Applicable(<30 pts),No_check_possible,No_check_possible,No_check_possible,No_check_possible,No_check_possible
540,104189998,29,0.3103448275862069,0.7241379310344828,N,Not_Applicable(<30 pts),No_check_possible,No_check_possible,No_check_possible,No_check_possible,No_check_possible
541,105699017,29,0.3103448275862069,0.6551724137931034,N,Not_Applicable(<30 pts),No_check_possible,No_check_possible,No_check_possible,No_check_possible,No_check_possible
542,102611507,28,0.32142857142857145,0.7142857142857143,N,Not_Applicable(<30 pts),No_check_possible,No_check_possible,No_check_possible,No_check_possible,No_check_possible
543,11706664,35,0.14285714285714285,0.2,Y,0-40%,True,No_check_possible,No_check_possible,No_check_possible,No_check_possible
544,102579559,49,0.3877551020408163,0.9183673469387755,Y,0-40%,True,No_check_possible,No_check_possible,No_check_possible,No_check_possible
545,102281027,49,0.30612244897959184,0.5918367346938775,Y,0-40%,True,No_check_possible,No_check_possible,No_check_possible,No_check_possible
546,101847758,53,0.32075471698113206,0.7735849056603774,Y,0-40%,True,No_check_possible,No_check_possible,No_check_possible,No_check_possible
547,102840152,32,0.28125,2.96875,Y,0-40%,True,No_check_possible,No_check_possible,No_check_possible,No_check_possible
548,100481524,46,0.15217391304347827,0.3695652173913043,Y,0-40%,True,No_check_possible,No_check_possible,No_check_possible,No_check_possible
549,102557824,25,0.4,1.44,N,Not_Applicable(<30 pts),No_check_possible,No_check_possible,No_check_possible,No_check_possible,No_check_possible
550,11610900,40,0.15,0.175,Y,0-40%,True,No_check_possible,No_check_possible,No_check_possible,No_check_possible
551,102217489,23,0.13043478260869565,0.13043478260869565,N,Not_Applicable(<30 pts),No_check_possible,No_check_possible,No_check_possible,No_check_possible,No_check_possible
552,101847794,52,0.28846153846153844,0.46153846153846156,Y,0-40%,True,No_check_possible,No_check_possible,No_check_possible,No_check_possible
553,100462317,46,0.2608695652173913,0.34782608695652173,Y,0-40%,True,No_check_possible,No_check_possible,No_check_possible,No_check_possible
554,100472912,56,0.16071428571428573,0.16071428571428573,Y,0-40%,True,No_check_possible,No_check_possible,No_check_possible,No_check_possible
555,15732403,67,0.13432835820895522,0.16417910447761194,Y,0-40%,True,No_check_possible,No_check_possible,No_check_possible,No_check_possible
556,100753181,54,0.1111111111111111,0.16666666666666666,Y,0-40%,True,No_check_possible,No_check_possible,No_check_possible,No_check_possible
557,15727623,48,0.041666666666666664,0.041666666666666664,Y,0-40%,True,No_check_possible,No_check_possible,No_check_possible,No_check_possible
558,102216282,56,0.16071428571428573,0.26785714285714285,Y,0-40%,True,No_check_possible,No_check_possible,No_check_possible,No_check_possible
559,11209680,5,0.4,0.4,N,Not_Applicable(<30 pts),No_check_possible,No_check_possible,No_check_possible,No_check_possible,No_check_possible
560,42221193,70,0.12857142857142856,0.22857142857142856,Y,0-40%,True,No_check_possible,No_check_possible,No_check_possible,No_check_possible
561,101820384,13,0.15384615384615385,0.23076923076923078,N,Not_Applicable(<30 pts),No_check_possible,No_check_possible,No_check_possible,No_check_possible,No_check_possible
562,42307386,18,0.1111111111111111,0.1111111111111111,N,Not_Applicable(<30 pts),No_check_possible,No_check_possible,No_check_possible,No_check_possible,No_check_possible
563,100674695,44,0.29545454545454547,0.38636363636363635,Y,0-40%,True,No_check_possible,No_check_possible,No_check_possible,No_check_possible
564,14513909,66,0.22727272727272727,0.5454545454545454,Y,0-40%,True,No_check_possible,No_check_possible,No_check_possible,No_check_possible
565,16085189,68,0.1323529411764706,0.38235294117647056,Y,0-40%,True,No_check_possible,No_check_possible,No_check_possible,No_check_possible
566,11665006,58,0.27586206896551724,0.46551724137931033,Y,0-40%,True,No_check_possible,No_check_possible,No_check_possible,No_check_possible
567,100609935,68,0.29411764705882354,0.8529411764705882,Y,0-40%,True,No_check_possible,No_check_possible,No_check_possible,No_check_possible
568,102791795,9,0.2222222222222222,0.2222222222222222,N,Not_Applicable(<30 pts),No_check_possible,No_check_possible,No_check_possible,No_check_possible,No_check_possible
569,11708425,46,0.13043478260869565,0.13043478260869565,Y,0-40%,True,No_check_possible,No_check_possible,No_check_possible,No_check_possible
570,102498200,70,0.11428571428571428,0.17142857142857143,Y,0-40%,True,No_check_possible,No_check_possible,No_check_possible,No_check_possible
571,16147697,69,0.30434782608695654,1.289855072463768,Y,0-40%,True,No_check_possible,No_check_possible,No_check_possible,No_check_possible
572,100592293,43,0.11627906976744186,0.13953488372093023,Y,0-40%,True,No_check_possible,No_check_possible,No_check_possible,No_check_possible
573,15615798,45,0.08888888888888889,0.1111111111111111,Y,0-40%,True,No_check_possible,No_check_possible,No_check_possible,No_check_possible
574,11576120,18,0.1111111111111111,0.1111111111111111,N,Not_Applicable(<30 pts),No_check_possible,No_check_possible,No_check_possible,No_check_possible,No_check_possible
575,12324454,74,0.22972972972972974,1.5675675675675675,Y,0-40%,True,No_check_possible,No_check_possible,No_check_possible,No_check_possible
576,11311939,71,0.19718309859154928,4.859154929577465,Y,0-40%,True,No_check_possible,No_check_possible,No_check_possible,No_check_possible
577,11495881,46,0.06521739130434782,0.06521739130434782,Y,0-40%,True,No_check_possible,No_check_possible,No_check_possible,No_check_possible
578,102610878,14,0.2857142857142857,0.42857142857142855,N,Not_Applicable(<30 pts),No_check_possible,No_check_possible,No_check_possible,No_check_possible,No_check_possible
579,16279635,13,0.07692307692307693,0.07692307692307693,N,Not_Applicable(<30 pts),No_check_possible,No_check_possible,No_check_possible,No_check_possible,No_check_possible
580,100467658,53,0.03773584905660377,0.03773584905660377,Y,0-40%,True,No_check_possible,No_check_possible,No_check_possible,No_check_possible
581,100556041,54,0.07407407407407407,0.07407407407407407,Y,0-40%,True,No_check_possible,No_check_possible,No_check_possible,No_check_possible
582,102176118,26,0.23076923076923078,0.38461538461538464,N,Not_Applicable(<30 pts),No_check_possible,No_check_possible,No_check_possible,No_check_possible,No_check_possible
583,100711834,41,0.0975609756097561,0.12195121951219512,Y,0-40%,True,No_check_possible,No_check_possible,No_check_possible,No_check_possible
584,100429876,51,0.058823529411764705,0.09803921568627451,Y,0-40%,True,No_check_possible,No_check_possible,No_check_possible,No_check_possible
585,100654901,71,0.056338028169014086,0.09859154929577464,Y,0-40%,True,No_check_possible,No_check_possible,No_check_possible,No_check_possible
586,100775289,60,0.05,0.05,Y,0-40%,True,No_check_possible,No_check_possible,No_check_possible,No_check_possible
587,101880188,32,0.21875,0.28125,Y,0-40%,True,No_check_possible,No_check_possible,No_check_possible,No_check_possible
588,102734061,45,0.08888888888888889,0.08888888888888889,Y,0-40%,True,No_check_possible,No_check_possible,No_check_possible,No_check_possible
589,100443262,44,0.09090909090909091,0.13636363636363635,Y,0-40%,True,No_check_possible,No_check_possible,No_check_possible,No_check_possible
590,102407688,22,0.22727272727272727,0.2727272727272727,N,Not_Applicable(<30 pts),No_check_possible,No_check_possible,No_check_possible,No_check_possible,No_check_possible
591,102887609,14,0.2857142857142857,0.35714285714285715,N,Not_Applicable(<30 pts),No_check_possible,No_check_possible,No_check_possible,No_check_possible,No_check_possible
592,104192481,8,0.25,0.25,N,Not_Applicable(<30 pts),No_check_possible,No_check_possible,No_check_possible,No_check_possible,No_check_possible
593,102176086,8,0.25,0.25,N,Not_Applicable(<30 pts),No_check_possible,No_check_possible,No_check_possible,No_check_possible,No_check_possible
594,42135968,26,0.3076923076923077,0.5,N,Not_Applicable(<30 pts),No_check_possible,No_check_possible,No_check_possible,No_check_possible,No_check_possible
595,102754732,8,0.25,0.25,N,Not_Applicable(<30 pts),No_check_possible,No_check_possible,No_check_possible,No_check_possible,No_check_possible
596,102494204,22,0.18181818181818182,0.22727272727272727,N,Not_Applicable(<30 pts),No_check_possible,No_check_possible,No_check_possible,No_check_possible,No_check_possible
597,104285971,8,0.25,0.25,N,Not_Applicable(<30 pts),No_check_possible,No_check_possible,No_check_possible,No_check_possible,No_check_possible
598,100724977,8,0.25,0.25,N,Not_Applicable(<30 pts),No_check_possible,No_check_possible,No_check_possible,No_check_possible,No_check_possible
599,102113135,37,0.10810810810810811,0.10810810810810811,Y,0-40%,True,No_check_possible,No_check_possible,No_check_possible,No_check_possible
600,37459337,40,0.05,0.05,Y,0-40%,True,No_check_possible,No_check_possible,No_check_possible,No_check_possible
601,100402815,27,0.07407407407407407,0.07407407407407407,N,Not_Applicable(<30 pts),No_check_possible,No_check_possible,No_check_possible,No_check_possible,No_check_possible
602,100607408,36,0.08333333333333333,0.08333333333333333,Y,0-40%,True,No_check_possible,No_check_possible,No_check_possible,No_check_possible
603,11688165,72,0.3888888888888889,0.5277777777777778,Y,0-40%,True,No_check_possible,No_check_possible,No_check_possible,No_check_possible
604,101802503,17,0.11764705882352941,0.11764705882352941,N,Not_Applicable(<30 pts),No_check_possible,No_check_possible,No_check_possible,No_check_possible,No_check_possible
605,11665003,60,0.06666666666666667,0.4,Y,0-40%,True,No_check_possible,No_check_possible,No_check_possible,No_check_possible
606,15322820,61,0.06557377049180328,0.06557377049180328,Y,0-40%,True,No_check_possible,No_check_possible,No_check_possible,No_check_possible
607,101444997,72,0.2916666666666667,0.5555555555555556,Y,0-40%,True,No_check_possible,No_check_possible,No_check_possible,No_check_possible
608,101521728,50,0.08,0.08,Y,0-40%,True,No_check_possible,No_check_possible,No_check_possible,No_check_possible
609,15624090,37,0.13513513513513514,0.13513513513513514,Y,0-40%,True,No_check_possible,No_check_possible,No_check_possible,No_check_possible
610,11691603,49,0.04081632653061224,0.04081632653061224,Y,0-40%,True,No_check_possible,No_check_possible,No_check_possible,No_check_possible
611,100269994,47,0.06382978723404255,0.10638297872340426,Y,0-40%,True,No_check_possible,No_check_possible,No_check_possible,No_check_possible
612,49100668,55,0.10909090909090909,0.12727272727272726,Y,0-40%,True,No_check_possible,No_check_possible,No_check_possible,No_check_possible
613,100107051,39,0.07692307692307693,0.07692307692307693,Y,0-40%,True,No_check_possible,No_check_possible,No_check_possible,No_check_possible
614,15737131,53,0.09433962264150944,0.11320754716981132,Y,0-40%,True,No_check_possible,No_check_possible,No_check_possible,No_check_possible
615,16657471,43,0.06976744186046512,0.06976744186046512,Y,0-40%,True,No_check_possible,No_check_possible,No_check_possible,No_check_possible
616,15733295,36,0.16666666666666666,0.19444444444444445,Y,0-40%,True,No_check_possible,No_check_possible,No_check_possible,No_check_possible
617,11693811,57,0.38596491228070173,3.210526315789474,Y,0-40%,True,No_check_possible,No_check_possible,No_check_possible,No_check_possible
618,102562930,28,0.10714285714285714,0.2857142857142857,N,Not_Applicable(<30 pts),No_check_possible,No_check_possible,No_check_possible,No_check_possible,No_check_possible
619,42204147,49,0.22448979591836735,0.46938775510204084,Y,0-40%,False,trend-non-stationary,1,seasonal_stationary,0
620,42140301,58,0.10344827586206896,0.20689655172413793,Y,0-40%,True,No_check_possible,No_check_possible,No_check_possible,No_check_possible
621,102181878,57,0.14035087719298245,0.14035087719298245,Y,0-40%,True,No_check_possible,No_check_possible,No_check_possible,No_check_possible
622,102318379,67,0.16417910447761194,0.23880597014925373,Y,0-40%,False,trend-stationary,0,seasonal_stationary,0
623,37472550,60,0.15,0.35,Y,0-40%,True,No_check_possible,No_check_possible,No_check_possible,No_check_possible
624,37472548,52,0.19230769230769232,0.5192307692307693,Y,0-40%,True,No_check_possible,No_check_possible,No_check_possible,No_check_possible
625,37458865,40,0.225,0.45,Y,0-40%,True,No_check_possible,No_check_possible,No_check_possible,No_check_possible
626,37472549,61,0.16393442622950818,0.32786885245901637,Y,0-40%,True,No_check_possible,No_check_possible,No_check_possible,No_check_possible
627,11385205,59,0.13559322033898305,0.2033898305084746,Y,0-40%,True,No_check_possible,No_check_possible,No_check_possible,No_check_possible
628,15771528,38,0.2631578947368421,0.2631578947368421,Y,0-40%,True,No_check_possible,No_check_possible,No_check_possible,No_check_possible
629,100660558,73,0.3698630136986301,0.7123287671232876,Y,0-40%,True,No_check_possible,No_check_possible,No_check_possible,No_check_possible
630,100570811,53,0.20754716981132076,0.5471698113207547,Y,0-40%,True,No_check_possible,No_check_possible,No_check_possible,No_check_possible
631,105716982,7,0.14285714285714285,0.2857142857142857,N,Not_Applicable(<30 pts),No_check_possible,No_check_possible,No_check_possible,No_check_possible,No_check_possible
632,16630664,22,0.13636363636363635,0.13636363636363635,N,Not_Applicable(<30 pts),No_check_possible,No_check_possible,No_check_possible,No_check_possible,No_check_possible
633,11520051,41,0.2682926829268293,0.5365853658536586,Y,0-40%,True,No_check_possible,No_check_possible,No_check_possible,No_check_possible
634,101473907,45,0.06666666666666667,0.06666666666666667,Y,0-40%,True,No_check_possible,No_check_possible,No_check_possible,No_check_possible
635,16755637,50,0.16,0.2,Y,0-40%,True,No_check_possible,No_check_possible,No_check_possible,No_check_possible
636,100060641,56,0.30357142857142855,0.5535714285714286,Y,0-40%,True,No_check_possible,No_check_possible,No_check_possible,No_check_possible
637,11522099,34,0.08823529411764706,0.08823529411764706,Y,0-40%,True,No_check_possible,No_check_possible,No_check_possible,No_check_possible
638,42219258,70,0.4,0.7285714285714285,Y,40-70%,True,No_check_possible,No_check_possible,No_check_possible,No_check_possible
639,100755164,42,0.11904761904761904,0.19047619047619047,Y,0-40%,True,No_check_possible,No_check_possible,No_check_possible,No_check_possible
640,11680537,53,0.05660377358490566,0.05660377358490566,Y,0-40%,True,No_check_possible,No_check_possible,No_check_possible,No_check_possible
641,11698039,4,0.5,0.5,N,Not_Applicable(<30 pts),No_check_possible,No_check_possible,No_check_possible,No_check_possible,No_check_possible
642,11581303,52,0.11538461538461539,0.17307692307692307,Y,0-40%,True,No_check_possible,No_check_possible,No_check_possible,No_check_possible
643,42219649,23,0.08695652173913043,0.08695652173913043,N,Not_Applicable(<30 pts),No_check_possible,No_check_possible,No_check_possible,No_check_possible,No_check_possible
644,101487034,27,0.07407407407407407,0.07407407407407407,N,Not_Applicable(<30 pts),No_check_possible,No_check_possible,No_check_possible,No_check_possible,No_check_possible
645,42076885,72,0.2222222222222222,0.4444444444444444,Y,0-40%,True,No_check_possible,No_check_possible,No_check_possible,No_check_possible
646,42153313,27,0.1111111111111111,0.18518518518518517,N,Not_Applicable(<30 pts),No_check_possible,No_check_possible,No_check_possible,No_check_possible,No_check_possible
647,100409984,27,0.1111111111111111,0.14814814814814814,N,Not_Applicable(<30 pts),No_check_possible,No_check_possible,No_check_possible,No_check_possible,No_check_possible
648,11681051,45,0.3333333333333333,0.5555555555555556,Y,0-40%,True,No_check_possible,No_check_possible,No_check_possible,No_check_possible
649,102861945,26,0.11538461538461539,0.5,N,Not_Applicable(<30 pts),No_check_possible,No_check_possible,No_check_possible,No_check_possible,No_check_possible
650,11066170,23,0.17391304347826086,0.21739130434782608,N,Not_Applicable(<30 pts),No_check_possible,No_check_possible,No_check_possible,No_check_possible,No_check_possible
651,102498182,16,0.125,0.75,N,Not_Applicable(<30 pts),No_check_possible,No_check_possible,No_check_possible,No_check_possible,No_check_possible
652,49069614,39,0.1282051282051282,0.1794871794871795,Y,0-40%,True,No_check_possible,No_check_possible,No_check_possible,No_check_possible
653,100061099,66,0.3787878787878788,1.2727272727272727,Y,0-40%,True,No_check_possible,No_check_possible,No_check_possible,No_check_possible
654,102495091,30,0.06666666666666667,0.1,Y,0-40%,True,No_check_possible,No_check_possible,No_check_possible,No_check_possible
655,102583529,11,0.45454545454545453,0.9090909090909091,N,Not_Applicable(<30 pts),No_check_possible,No_check_possible,No_check_possible,No_check_possible,No_check_possible
656,100171328,48,0.14583333333333334,0.22916666666666666,Y,0-40%,True,No_check_possible,No_check_possible,No_check_possible,No_check_possible
657,102375648,52,0.15384615384615385,0.3076923076923077,Y,0-40%,True,No_check_possible,No_check_possible,No_check_possible,No_check_possible
658,11659713,21,0.09523809523809523,0.14285714285714285,N,Not_Applicable(<30 pts),No_check_possible,No_check_possible,No_check_possible,No_check_possible,No_check_possible
659,11672339,54,0.1111111111111111,0.16666666666666666,Y,0-40%,True,No_check_possible,No_check_possible,No_check_possible,No_check_possible
660,11339817,43,0.06976744186046512,0.11627906976744186,Y,0-40%,True,No_check_possible,No_check_possible,No_check_possible,No_check_possible
661,15322792,43,0.06976744186046512,0.11627906976744186,Y,0-40%,True,No_check_possible,No_check_possible,No_check_possible,No_check_possible
662,11339937,46,0.13043478260869565,0.17391304347826086,Y,0-40%,True,No_check_possible,No_check_possible,No_check_possible,No_check_possible
663,42153335,13,0.07692307692307693,0.07692307692307693,N,Not_Applicable(<30 pts),No_check_possible,No_check_possible,No_check_possible,No_check_possible,No_check_possible
664,102579055,56,0.10714285714285714,0.125,Y,0-40%,True,No_check_possible,No_check_possible,No_check_possible,No_check_possible
665,100556621,32,0.15625,0.15625,Y,0-40%,True,No_check_possible,No_check_possible,No_check_possible,No_check_possible
666,11332124,22,0.13636363636363635,0.13636363636363635,N,Not_Applicable(<30 pts),No_check_possible,No_check_possible,No_check_possible,No_check_possible,No_check_possible
667,102096712,14,0.14285714285714285,0.14285714285714285,N,Not_Applicable(<30 pts),No_check_possible,No_check_possible,No_check_possible,No_check_possible,No_check_possible
668,105716718,7,0.2857142857142857,0.42857142857142855,N,Not_Applicable(<30 pts),No_check_possible,No_check_possible,No_check_possible,No_check_possible,No_check_possible
669,100607319,9,0.4444444444444444,0.7777777777777778,N,Not_Applicable(<30 pts),No_check_possible,No_check_possible,No_check_possible,No_check_possible,No_check_possible
670,100499980,63,0.15873015873015872,0.15873015873015872,Y,0-40%,True,No_check_possible,No_check_possible,No_check_possible,No_check_possible
671,15570785,64,0.28125,0.71875,Y,0-40%,True,No_check_possible,No_check_possible,No_check_possible,No_check_possible
672,15728205,52,0.057692307692307696,0.057692307692307696,Y,0-40%,True,No_check_possible,No_check_possible,No_check_possible,No_check_possible
673,102407544,49,0.2653061224489796,1.0612244897959184,Y,0-40%,True,No_check_possible,No_check_possible,No_check_possible,No_check_possible
674,102632901,19,0.10526315789473684,0.15789473684210525,N,Not_Applicable(<30 pts),No_check_possible,No_check_possible,No_check_possible,No_check_possible,No_check_possible
675,11710335,38,0.05263157894736842,0.05263157894736842,Y,0-40%,True,No_check_possible,No_check_possible,No_check_possible,No_check_possible
676,42205689,7,0.14285714285714285,0.14285714285714285,N,Not_Applicable(<30 pts),No_check_possible,No_check_possible,No_check_possible,No_check_possible,No_check_possible
677,102747354,53,0.11320754716981132,0.1509433962264151,Y,0-40%,True,No_check_possible,No_check_possible,No_check_possible,No_check_possible
678,11706740,67,0.4626865671641791,1.2238805970149254,Y,40-70%,True,No_check_possible,No_check_possible,No_check_possible,No_check_possible
679,100222116,60,0.1,0.2,Y,0-40%,True,No_check_possible,No_check_possible,No_check_possible,No_check_possible
680,102176068,61,0.14754098360655737,1.901639344262295,Y,0-40%,True,No_check_possible,No_check_possible,No_check_possible,No_check_possible
681,102099257,59,0.06779661016949153,0.06779661016949153,Y,0-40%,True,No_check_possible,No_check_possible,No_check_possible,No_check_possible
682,102584102,53,0.07547169811320754,0.09433962264150944,Y,0-40%,True,No_check_possible,No_check_possible,No_check_possible,No_check_possible
683,102325173,30,0.16666666666666666,0.16666666666666666,Y,0-40%,True,No_check_possible,No_check_possible,No_check_possible,No_check_possible
684,102535299,8,0.375,0.375,N,Not_Applicable(<30 pts),No_check_possible,No_check_possible,No_check_possible,No_check_possible,No_check_possible
685,102118563,30,0.16666666666666666,0.23333333333333334,Y,0-40%,True,No_check_possible,No_check_possible,No_check_possible,No_check_possible
686,42217876,59,0.11864406779661017,0.3728813559322034,Y,0-40%,True,No_check_possible,No_check_possible,No_check_possible,No_check_possible
687,11124521,32,0.09375,0.09375,Y,0-40%,True,No_check_possible,No_check_possible,No_check_possible,No_check_possible
688,16028152,4,0.5,1.25,N,Not_Applicable(<30 pts),No_check_possible,No_check_possible,No_check_possible,No_check_possible,No_check_possible
689,102641290,50,0.32,0.82,Y,0-40%,True,No_check_possible,No_check_possible,No_check_possible,No_check_possible
690,102309195,42,0.07142857142857142,0.09523809523809523,Y,0-40%,True,No_check_possible,No_check_possible,No_check_possible,No_check_possible
691,102985442,16,0.1875,0.25,N,Not_Applicable(<30 pts),No_check_possible,No_check_possible,No_check_possible,No_check_possible,No_check_possible
692,104303942,6,0.16666666666666666,0.3333333333333333,N,Not_Applicable(<30 pts),No_check_possible,No_check_possible,No_check_possible,No_check_possible,No_check_possible
693,102075073,39,0.1282051282051282,0.28205128205128205,Y,0-40%,True,No_check_possible,No_check_possible,No_check_possible,No_check_possible
694,102862145,5,0.4,0.6,N,Not_Applicable(<30 pts),No_check_possible,No_check_possible,No_check_possible,No_check_possible,No_check_possible
695,11303554,64,0.0625,0.9375,Y,0-40%,True,No_check_possible,No_check_possible,No_check_possible,No_check_possible
696,42148386,64,0.25,0.640625,Y,0-40%,True,No_check_possible,No_check_possible,No_check_possible,No_check_possible
697,11266892,25,0.08,0.08,N,Not_Applicable(<30 pts),No_check_possible,No_check_possible,No_check_possible,No_check_possible,No_check_possible
698,42219737,41,0.14634146341463414,0.2926829268292683,Y,0-40%,True,No_check_possible,No_check_possible,No_check_possible,No_check_possible
699,11146544,22,0.13636363636363635,0.22727272727272727,N,Not_Applicable(<30 pts),No_check_possible,No_check_possible,No_check_possible,No_check_possible,No_check_possible
700,11663357,62,0.06451612903225806,0.06451612903225806,Y,0-40%,True,No_check_possible,No_check_possible,No_check_possible,No_check_possible
701,102387104,12,0.3333333333333333,0.5,N,Not_Applicable(<30 pts),No_check_possible,No_check_possible,No_check_possible,No_check_possible,No_check_possible
702,102076227,19,0.05263157894736842,1.0526315789473684,N,Not_Applicable(<30 pts),No_check_possible,No_check_possible,No_check_possible,No_check_possible,No_check_possible
703,102641691,43,0.23255813953488372,0.6511627906976745,Y,0-40%,True,No_check_possible,No_check_possible,No_check_possible,No_check_possible
704,105700386,13,0.07692307692307693,0.15384615384615385,N,Not_Applicable(<30 pts),No_check_possible,No_check_possible,No_check_possible,No_check_possible,No_check_possible
705,37531938,60,0.13333333333333333,0.2,Y,0-40%,True,No_check_possible,No_check_possible,No_check_possible,No_check_possible
706,11522972,42,0.07142857142857142,0.09523809523809523,Y,0-40%,True,No_check_possible,No_check_possible,No_check_possible,No_check_possible
707,105716626,17,0.17647058823529413,0.17647058823529413,N,Not_Applicable(<30 pts),No_check_possible,No_check_possible,No_check_possible,No_check_possible,No_check_possible
708,11505749,46,0.2608695652173913,0.2826086956521739,Y,0-40%,True,No_check_possible,No_check_possible,No_check_possible,No_check_possible
709,101483382,16,0.125,0.125,N,Not_Applicable(<30 pts),No_check_possible,No_check_possible,No_check_possible,No_check_possible,No_check_possible
710,11234607,35,0.08571428571428572,0.08571428571428572,Y,0-40%,True,No_check_possible,No_check_possible,No_check_possible,No_check_possible
711,11685969,60,0.15,0.18333333333333332,Y,0-40%,True,No_check_possible,No_check_possible,No_check_possible,No_check_possible
712,102385961,11,0.18181818181818182,0.2727272727272727,N,Not_Applicable(<30 pts),No_check_possible,No_check_possible,No_check_possible,No_check_possible,No_check_possible
713,102325209,69,0.463768115942029,1.1159420289855073,Y,40-70%,True,No_check_possible,No_check_possible,No_check_possible,No_check_possible
714,100671622,75,0.36,0.64,Y,0-40%,False,trend-non-stationary,1,seasonal_stationary,0
715,11312270,34,0.11764705882352941,0.2647058823529412,Y,0-40%,True,No_check_possible,No_check_possible,No_check_possible,No_check_possible
716,102630400,25,0.08,0.12,N,Not_Applicable(<30 pts),No_check_possible,No_check_possible,No_check_possible,No_check_possible,No_check_possible
717,100556037,64,0.34375,1.265625,Y,0-40%,True,No_check_possible,No_check_possible,No_check_possible,No_check_possible
718,102557806,6,0.3333333333333333,2.5,N,Not_Applicable(<30 pts),No_check_possible,No_check_possible,No_check_possible,No_check_possible,No_check_possible
719,101821076,66,0.2727272727272727,0.6818181818181818,Y,0-40%,True,No_check_possible,No_check_possible,No_check_possible,No_check_possible
720,105716985,12,0.16666666666666666,0.25,N,Not_Applicable(<30 pts),No_check_possible,No_check_possible,No_check_possible,No_check_possible,No_check_possible
721,42155360,68,0.11764705882352941,0.19117647058823528,Y,0-40%,True,No_check_possible,No_check_possible,No_check_possible,No_check_possible
722,100689892,64,0.125,0.546875,Y,0-40%,True,No_check_possible,No_check_possible,No_check_possible,No_check_possible
723,16181142,61,0.13114754098360656,1.8524590163934427,Y,0-40%,True,No_check_possible,No_check_possible,No_check_possible,No_check_possible
724,16903706,59,0.1016949152542373,1.5932203389830508,Y,0-40%,True,No_check_possible,No_check_possible,No_check_possible,No_check_possible
725,16166146,61,0.2459016393442623,3.1147540983606556,Y,0-40%,True,No_check_possible,No_check_possible,No_check_possible,No_check_possible
726,42209631,51,0.1568627450980392,2.5686274509803924,Y,0-40%,True,No_check_possible,No_check_possible,No_check_possible,No_check_possible
727,11078884,56,0.08928571428571429,1.5535714285714286,Y,0-40%,True,No_check_possible,No_check_possible,No_check_possible,No_check_possible
728,11079433,11,0.09090909090909091,2.272727272727273,N,Not_Applicable(<30 pts),No_check_possible,No_check_possible,No_check_possible,No_check_possible,No_check_possible
729,11593535,25,0.08,2.72,N,Not_Applicable(<30 pts),No_check_possible,No_check_possible,No_check_possible,No_check_possible,No_check_possible
730,100085257,11,0.18181818181818182,0.18181818181818182,N,Not_Applicable(<30 pts),No_check_possible,No_check_possible,No_check_possible,No_check_possible,No_check_possible
731,11157949,43,0.09302325581395349,0.09302325581395349,Y,0-40%,True,No_check_possible,No_check_possible,No_check_possible,No_check_possible
732,42146332,49,0.061224489795918366,0.061224489795918366,Y,0-40%,True,No_check_possible,No_check_possible,No_check_possible,No_check_possible
733,102565624,37,0.32432432432432434,0.4864864864864865,Y,0-40%,True,No_check_possible,No_check_possible,No_check_possible,No_check_possible
734,100509297,61,0.19672131147540983,0.5573770491803278,Y,0-40%,True,No_check_possible,No_check_possible,No_check_possible,No_check_possible
735,49149923,21,0.14285714285714285,0.19047619047619047,N,Not_Applicable(<30 pts),No_check_possible,No_check_possible,No_check_possible,No_check_possible,No_check_possible
736,102583247,8,0.25,0.25,N,Not_Applicable(<30 pts),No_check_possible,No_check_possible,No_check_possible,No_check_possible,No_check_possible
737,102877282,17,0.17647058823529413,0.29411764705882354,N,Not_Applicable(<30 pts),No_check_possible,No_check_possible,No_check_possible,No_check_possible,No_check_possible
738,104186568,10,0.3,0.4,N,Not_Applicable(<30 pts),No_check_possible,No_check_possible,No_check_possible,No_check_possible,No_check_possible
739,104184445,17,0.17647058823529413,0.23529411764705882,N,Not_Applicable(<30 pts),No_check_possible,No_check_possible,No_check_possible,No_check_possible,No_check_possible
740,104186576,8,0.375,0.5,N,Not_Applicable(<30 pts),No_check_possible,No_check_possible,No_check_possible,No_check_possible,No_check_possible
741,42225585,45,0.2222222222222222,0.26666666666666666,Y,0-40%,True,No_check_possible,No_check_possible,No_check_possible,No_check_possible
742,11423381,69,0.07246376811594203,1.2318840579710144,Y,0-40%,True,No_check_possible,No_check_possible,No_check_possible,No_check_possible
743,49049277,45,0.2,0.26666666666666666,Y,0-40%,True,No_check_possible,No_check_possible,No_check_possible,No_check_possible
744,42202512,52,0.1346153846153846,0.17307692307692307,Y,0-40%,True,No_check_possible,No_check_possible,No_check_possible,No_check_possible
745,100697557,2,0.5,0.5,N,Not_Applicable(<30 pts),No_check_possible,No_check_possible,No_check_possible,No_check_possible,No_check_possible
746,105700387,6,0.16666666666666666,0.3333333333333333,N,Not_Applicable(<30 pts),No_check_possible,No_check_possible,No_check_possible,No_check_possible,No_check_possible
747,101847764,16,0.125,0.125,N,Not_Applicable(<30 pts),No_check_possible,No_check_possible,No_check_possible,No_check_possible,No_check_possible
748,100230973,56,0.125,1.2678571428571428,Y,0-40%,True,No_check_possible,No_check_possible,No_check_possible,No_check_possible
749,102985986,11,0.2727272727272727,0.36363636363636365,N,Not_Applicable(<30 pts),No_check_possible,No_check_possible,No_check_possible,No_check_possible,No_check_possible
750,102831621,6,0.16666666666666666,0.3333333333333333,N,Not_Applicable(<30 pts),No_check_possible,No_check_possible,No_check_possible,No_check_possible,No_check_possible
751,101521630,5,0.4,0.4,N,Not_Applicable(<30 pts),No_check_possible,No_check_possible,No_check_possible,No_check_possible,No_check_possible
752,100757898,23,0.08695652173913043,0.08695652173913043,N,Not_Applicable(<30 pts),No_check_possible,No_check_possible,No_check_possible,No_check_possible,No_check_possible
753,11329027,26,0.07692307692307693,0.07692307692307693,N,Not_Applicable(<30 pts),No_check_possible,No_check_possible,No_check_possible,No_check_possible,No_check_possible
754,100637803,42,0.07142857142857142,0.07142857142857142,Y,0-40%,True,No_check_possible,No_check_possible,No_check_possible,No_check_possible
755,105717014,6,0.3333333333333333,0.5,N,Not_Applicable(<30 pts),No_check_possible,No_check_possible,No_check_possible,No_check_possible,No_check_possible
756,42228727,21,0.14285714285714285,0.2857142857142857,N,Not_Applicable(<30 pts),No_check_possible,No_check_possible,No_check_possible,No_check_possible,No_check_possible
757,15695254,40,0.075,0.1,Y,0-40%,True,No_check_possible,No_check_possible,No_check_possible,No_check_possible
758,11294809,47,0.06382978723404255,0.10638297872340426,Y,0-40%,True,No_check_possible,No_check_possible,No_check_possible,No_check_possible
759,37466863,56,0.07142857142857142,0.07142857142857142,Y,0-40%,True,No_check_possible,No_check_possible,No_check_possible,No_check_possible
760,102772003,17,0.47058823529411764,12.705882352941176,N,Not_Applicable(<30 pts),No_check_possible,No_check_possible,No_check_possible,No_check_possible,No_check_possible
761,37458275,18,0.1111111111111111,0.6666666666666666,N,Not_Applicable(<30 pts),No_check_possible,No_check_possible,No_check_possible,No_check_possible,No_check_possible
762,11711397,37,0.05405405405405406,0.05405405405405406,Y,0-40%,True,No_check_possible,No_check_possible,No_check_possible,No_check_possible
763,11281498,16,0.125,0.125,N,Not_Applicable(<30 pts),No_check_possible,No_check_possible,No_check_possible,No_check_possible,No_check_possible
764,11678755,37,0.10810810810810811,0.10810810810810811,Y,0-40%,True,No_check_possible,No_check_possible,No_check_possible,No_check_possible
765,11626211,36,0.05555555555555555,0.05555555555555555,Y,0-40%,True,No_check_possible,No_check_possible,No_check_possible,No_check_possible
766,14139110,25,0.08,0.08,N,Not_Applicable(<30 pts),No_check_possible,No_check_possible,No_check_possible,No_check_possible,No_check_possible
767,101821010,48,0.0625,0.10416666666666667,Y,0-40%,True,No_check_possible,No_check_possible,No_check_possible,No_check_possible
768,101518197,51,0.09803921568627451,0.23529411764705882,Y,0-40%,True,No_check_possible,No_check_possible,No_check_possible,No_check_possible
769,11669433,73,0.3013698630136986,0.4931506849315068,Y,0-40%,True,No_check_possible,No_check_possible,No_check_possible,No_check_possible
770,11693615,72,0.3194444444444444,0.5694444444444444,Y,0-40%,True,No_check_possible,No_check_possible,No_check_possible,No_check_possible
771,102496024,71,0.323943661971831,0.6901408450704225,Y,0-40%,True,No_check_possible,No_check_possible,No_check_possible,No_check_possible
772,11196623,2,0.5,0.5,N,Not_Applicable(<30 pts),No_check_possible,No_check_possible,No_check_possible,No_check_possible,No_check_possible
773,11664811,42,0.047619047619047616,0.047619047619047616,Y,0-40%,True,No_check_possible,No_check_possible,No_check_possible,No_check_possible
774,11250687,50,0.08,0.12,Y,0-40%,True,No_check_possible,No_check_possible,No_check_possible,No_check_possible
775,100700125,56,0.14285714285714285,1.2142857142857142,Y,0-40%,True,No_check_possible,No_check_possible,No_check_possible,No_check_possible
776,104303484,6,0.3333333333333333,0.3333333333333333,N,Not_Applicable(<30 pts),No_check_possible,No_check_possible,No_check_possible,No_check_possible,No_check_possible
777,100677203,73,0.0821917808219178,0.9863013698630136,Y,0-40%,True,No_check_possible,No_check_possible,No_check_possible,No_check_possible
778,42228218,32,0.0625,0.0625,Y,0-40%,True,No_check_possible,No_check_possible,No_check_possible,No_check_possible
779,11053400,64,0.125,0.328125,Y,0-40%,True,No_check_possible,No_check_possible,No_check_possible,No_check_possible
780,15386714,39,0.05128205128205128,0.05128205128205128,Y,0-40%,True,No_check_possible,No_check_possible,No_check_possible,No_check_possible
781,102182269,6,0.3333333333333333,0.3333333333333333,N,Not_Applicable(<30 pts),No_check_possible,No_check_possible,No_check_possible,No_check_possible,No_check_possible
782,105717191,6,0.3333333333333333,0.5,N,Not_Applicable(<30 pts),No_check_possible,No_check_possible,No_check_possible,No_check_possible,No_check_possible
783,42228743,8,0.125,0.125,N,Not_Applicable(<30 pts),No_check_possible,No_check_possible,No_check_possible,No_check_possible,No_check_possible
784,100135973,6,0.16666666666666666,0.16666666666666666,N,Not_Applicable(<30 pts),No_check_possible,No_check_possible,No_check_possible,No_check_possible,No_check_possible
785,101837571,30,0.16666666666666666,0.4,Y,0-40%,True,No_check_possible,No_check_possible,No_check_possible,No_check_possible
786,11690278,71,0.2112676056338028,0.3380281690140845,Y,0-40%,True,No_check_possible,No_check_possible,No_check_possible,No_check_possible
787,102294234,39,0.05128205128205128,0.05128205128205128,Y,0-40%,True,No_check_possible,No_check_possible,No_check_possible,No_check_possible
788,100774514,20,0.1,0.1,N,Not_Applicable(<30 pts),No_check_possible,No_check_possible,No_check_possible,No_check_possible,No_check_possible
789,11679004,9,0.3333333333333333,0.3333333333333333,N,Not_Applicable(<30 pts),No_check_possible,No_check_possible,No_check_possible,No_check_possible,No_check_possible
790,16153155,36,0.1111111111111111,0.2222222222222222,Y,0-40%,True,No_check_possible,No_check_possible,No_check_possible,No_check_possible
791,11610668,45,0.06666666666666667,0.1111111111111111,Y,0-40%,True,No_check_possible,No_check_possible,No_check_possible,No_check_possible
792,11086922,10,0.1,0.3,N,Not_Applicable(<30 pts),No_check_possible,No_check_possible,No_check_possible,No_check_possible,No_check_possible
793,100085207,52,0.1346153846153846,0.40384615384615385,Y,0-40%,True,No_check_possible,No_check_possible,No_check_possible,No_check_possible
794,100085229,43,0.2558139534883721,0.6046511627906976,Y,0-40%,True,No_check_possible,No_check_possible,No_check_possible,No_check_possible
795,100431782,31,0.1935483870967742,0.1935483870967742,Y,0-40%,True,No_check_possible,No_check_possible,No_check_possible,No_check_possible
796,100005964,71,0.07042253521126761,0.09859154929577464,Y,0-40%,True,No_check_possible,No_check_possible,No_check_possible,No_check_possible
797,101521750,55,0.14545454545454545,0.16363636363636364,Y,0-40%,True,No_check_possible,No_check_possible,No_check_possible,No_check_possible
798,14742122,50,0.06,0.06,Y,0-40%,True,No_check_possible,No_check_possible,No_check_possible,No_check_possible
799,100722311,67,0.07462686567164178,0.11940298507462686,Y,0-40%,True,No_check_possible,No_check_possible,No_check_possible,No_check_possible
800,42223842,65,0.4153846153846154,1.1076923076923078,Y,40-70%,True,No_check_possible,No_check_possible,No_check_possible,No_check_possible
801,37459383,34,0.08823529411764706,0.11764705882352941,Y,0-40%,True,No_check_possible,No_check_possible,No_check_possible,No_check_possible
802,41950984,35,0.08571428571428572,0.11428571428571428,Y,0-40%,True,No_check_possible,No_check_possible,No_check_possible,No_check_possible
803,11669967,49,0.14285714285714285,0.22448979591836735,Y,0-40%,True,No_check_possible,No_check_possible,No_check_possible,No_check_possible
804,16015477,66,0.30303030303030304,0.8939393939393939,Y,0-40%,True,No_check_possible,No_check_possible,No_check_possible,No_check_possible
805,11712489,53,0.18867924528301888,0.18867924528301888,Y,0-40%,True,No_check_possible,No_check_possible,No_check_possible,No_check_possible
806,100171324,54,0.1111111111111111,0.16666666666666666,Y,0-40%,True,No_check_possible,No_check_possible,No_check_possible,No_check_possible
807,101807734,6,0.16666666666666666,0.3333333333333333,N,Not_Applicable(<30 pts),No_check_possible,No_check_possible,No_check_possible,No_check_possible,No_check_possible
808,102557822,16,0.1875,1.375,N,Not_Applicable(<30 pts),No_check_possible,No_check_possible,No_check_possible,No_check_possible,No_check_possible
809,11467589,16,0.125,0.25,N,Not_Applicable(<30 pts),No_check_possible,No_check_possible,No_check_possible,No_check_possible,No_check_possible
810,11379074,2,0.5,0.5,N,Not_Applicable(<30 pts),No_check_possible,No_check_possible,No_check_possible,No_check_possible,No_check_possible
811,104285371,11,0.18181818181818182,0.2727272727272727,N,Not_Applicable(<30 pts),No_check_possible,No_check_possible,No_check_possible,No_check_possible,No_check_possible
812,42227044,23,0.13043478260869565,0.13043478260869565,N,Not_Applicable(<30 pts),No_check_possible,No_check_possible,No_check_possible,No_check_possible,No_check_possible
813,11651503,71,0.1267605633802817,0.19718309859154928,Y,0-40%,True,No_check_possible,No_check_possible,No_check_possible,No_check_possible
814,16553692,35,0.08571428571428572,0.08571428571428572,Y,0-40%,True,No_check_possible,No_check_possible,No_check_possible,No_check_possible
815,11592674,38,0.13157894736842105,0.15789473684210525,Y,0-40%,True,No_check_possible,No_check_possible,No_check_possible,No_check_possible
816,11573718,52,0.07692307692307693,0.07692307692307693,Y,0-40%,True,No_check_possible,No_check_possible,No_check_possible,No_check_possible
817,11663032,11,0.2727272727272727,0.2727272727272727,N,Not_Applicable(<30 pts),No_check_possible,No_check_possible,No_check_possible,No_check_possible,No_check_possible
818,15950761,17,0.11764705882352941,0.11764705882352941,N,Not_Applicable(<30 pts),No_check_possible,No_check_possible,No_check_possible,No_check_possible,No_check_possible
819,42141497,51,0.058823529411764705,0.058823529411764705,Y,0-40%,True,No_check_possible,No_check_possible,No_check_possible,No_check_possible
820,42215234,66,0.13636363636363635,4.696969696969697,Y,0-40%,True,No_check_possible,No_check_possible,No_check_possible,No_check_possible
821,101858147,17,0.11764705882352941,0.11764705882352941,N,Not_Applicable(<30 pts),No_check_possible,No_check_possible,No_check_possible,No_check_possible,No_check_possible
822,49049083,37,0.16216216216216217,0.16216216216216217,Y,0-40%,True,No_check_possible,No_check_possible,No_check_possible,No_check_possible
823,11385240,71,0.2112676056338028,2.704225352112676,Y,0-40%,True,No_check_possible,No_check_possible,No_check_possible,No_check_possible
824,11676392,68,0.25,0.4264705882352941,Y,0-40%,True,No_check_possible,No_check_possible,No_check_possible,No_check_possible
825,15624092,5,0.6,0.6,N,Not_Applicable(<30 pts),No_check_possible,No_check_possible,No_check_possible,No_check_possible,No_check_possible
826,15598299,32,0.09375,0.09375,Y,0-40%,True,No_check_possible,No_check_possible,No_check_possible,No_check_possible
827,15598297,16,0.1875,0.1875,N,Not_Applicable(<30 pts),No_check_possible,No_check_possible,No_check_possible,No_check_possible,No_check_possible
828,15598295,46,0.10869565217391304,0.10869565217391304,Y,0-40%,True,No_check_possible,No_check_possible,No_check_possible,No_check_possible
829,30445712,53,0.1509433962264151,0.22641509433962265,Y,0-40%,True,No_check_possible,No_check_possible,No_check_possible,No_check_possible
830,102592824,46,0.06521739130434782,0.08695652173913043,Y,0-40%,True,No_check_possible,No_check_possible,No_check_possible,No_check_possible
831,49122583,60,0.16666666666666666,0.3333333333333333,Y,0-40%,True,No_check_possible,No_check_possible,No_check_possible,No_check_possible
832,42236912,35,0.14285714285714285,0.2,Y,0-40%,True,No_check_possible,No_check_possible,No_check_possible,No_check_possible
833,16028336,41,0.17073170731707318,0.3902439024390244,Y,0-40%,True,No_check_possible,No_check_possible,No_check_possible,No_check_possible
834,100567149,45,0.13333333333333333,0.26666666666666666,Y,0-40%,True,No_check_possible,No_check_possible,No_check_possible,No_check_possible
835,42219806,65,0.12307692307692308,0.18461538461538463,Y,0-40%,True,No_check_possible,No_check_possible,No_check_possible,No_check_possible
836,11572869,70,0.21428571428571427,0.6142857142857143,Y,0-40%,True,No_check_possible,No_check_possible,No_check_possible,No_check_possible
837,11283287,71,0.2112676056338028,0.9577464788732394,Y,0-40%,True,No_check_possible,No_check_possible,No_check_possible,No_check_possible
838,102840576,31,0.16129032258064516,1.4838709677419355,Y,0-40%,True,No_check_possible,No_check_possible,No_check_possible,No_check_possible
839,100166013,60,0.08333333333333333,0.08333333333333333,Y,0-40%,True,No_check_possible,No_check_possible,No_check_possible,No_check_possible
840,42206395,40,0.075,0.075,Y,0-40%,True,No_check_possible,No_check_possible,No_check_possible,No_check_possible
841,42262272,20,0.2,0.4,N,Not_Applicable(<30 pts),No_check_possible,No_check_possible,No_check_possible,No_check_possible,No_check_possible
842,102095176,47,0.2765957446808511,0.5106382978723404,Y,0-40%,True,No_check_possible,No_check_possible,No_check_possible,No_check_possible
843,42212274,29,0.1724137931034483,0.1724137931034483,N,Not_Applicable(<30 pts),No_check_possible,No_check_possible,No_check_possible,No_check_possible,No_check_possible
844,11700569,71,0.4084507042253521,0.7464788732394366,Y,40-70%,True,No_check_possible,No_check_possible,No_check_possible,No_check_possible
845,101825315,49,0.061224489795918366,0.061224489795918366,Y,0-40%,True,No_check_possible,No_check_possible,No_check_possible,No_check_possible
846,11704339,61,0.11475409836065574,0.14754098360655737,Y,0-40%,True,No_check_possible,No_check_possible,No_check_possible,No_check_possible
847,102281077,64,0.171875,0.53125,Y,0-40%,True,No_check_possible,No_check_possible,No_check_possible,No_check_possible
848,16667700,67,0.31343283582089554,0.6417910447761194,Y,0-40%,True,No_check_possible,No_check_possible,No_check_possible,No_check_possible
849,37457683,69,0.42028985507246375,2.0144927536231885,Y,40-70%,True,No_check_possible,No_check_possible,No_check_possible,No_check_possible
850,101800292,20,0.15,2.15,N,Not_Applicable(<30 pts),No_check_possible,No_check_possible,No_check_possible,No_check_possible,No_check_possible
851,11705133,36,0.08333333333333333,0.08333333333333333,Y,0-40%,True,No_check_possible,No_check_possible,No_check_possible,No_check_possible
852,102497875,48,0.2708333333333333,0.7083333333333334,Y,0-40%,True,No_check_possible,No_check_possible,No_check_possible,No_check_possible
853,11703767,12,0.16666666666666666,0.16666666666666666,N,Not_Applicable(<30 pts),No_check_possible,No_check_possible,No_check_possible,No_check_possible,No_check_possible
854,100550272,32,0.3125,0.5625,Y,0-40%,True,No_check_possible,No_check_possible,No_check_possible,No_check_possible
855,42220282,53,0.05660377358490566,0.09433962264150944,Y,0-40%,True,No_check_possible,No_check_possible,No_check_possible,No_check_possible
856,100663498,45,0.08888888888888889,0.17777777777777778,Y,0-40%,True,No_check_possible,No_check_possible,No_check_possible,No_check_possible
857,102489842,17,0.058823529411764705,0.058823529411764705,N,Not_Applicable(<30 pts),No_check_possible,No_check_possible,No_check_possible,No_check_possible,No_check_possible
858,49122820,56,0.21428571428571427,0.375,Y,0-40%,True,No_check_possible,No_check_possible,No_check_possible,No_check_possible
859,11711071,38,0.07894736842105263,0.07894736842105263,Y,0-40%,True,No_check_possible,No_check_possible,No_check_possible,No_check_possible
860,16435514,25,0.08,0.08,N,Not_Applicable(<30 pts),No_check_possible,No_check_possible,No_check_possible,No_check_possible,No_check_possible
861,102318113,23,0.043478260869565216,0.043478260869565216,N,Not_Applicable(<30 pts),No_check_possible,No_check_possible,No_check_possible,No_check_possible,No_check_possible
862,100807311,42,0.023809523809523808,0.023809523809523808,Y,0-40%,True,No_check_possible,No_check_possible,No_check_possible,No_check_possible
863,101489613,29,0.06896551724137931,0.10344827586206896,N,Not_Applicable(<30 pts),No_check_possible,No_check_possible,No_check_possible,No_check_possible,No_check_possible
864,102589974,23,0.08695652173913043,0.13043478260869565,N,Not_Applicable(<30 pts),No_check_possible,No_check_possible,No_check_possible,No_check_possible,No_check_possible
865,11380283,21,0.047619047619047616,0.047619047619047616,N,Not_Applicable(<30 pts),No_check_possible,No_check_possible,No_check_possible,No_check_possible,No_check_possible
866,11576210,34,0.029411764705882353,0.029411764705882353,Y,0-40%,True,No_check_possible,No_check_possible,No_check_possible,No_check_possible
867,102592654,27,0.18518518518518517,0.4074074074074074,N,Not_Applicable(<30 pts),No_check_possible,No_check_possible,No_check_possible,No_check_possible,No_check_possible
868,102349697,29,0.13793103448275862,0.2413793103448276,N,Not_Applicable(<30 pts),No_check_possible,No_check_possible,No_check_possible,No_check_possible,No_check_possible
869,102809747,23,0.2608695652173913,0.5217391304347826,N,Not_Applicable(<30 pts),No_check_possible,No_check_possible,No_check_possible,No_check_possible,No_check_possible
870,102095333,36,0.05555555555555555,0.05555555555555555,Y,0-40%,True,No_check_possible,No_check_possible,No_check_possible,No_check_possible
871,35824888,49,0.08163265306122448,0.12244897959183673,Y,0-40%,True,No_check_possible,No_check_possible,No_check_possible,No_check_possible
872,11667175,46,0.043478260869565216,0.13043478260869565,Y,0-40%,True,No_check_possible,No_check_possible,No_check_possible,No_check_possible
873,11667045,46,0.043478260869565216,0.13043478260869565,Y,0-40%,True,No_check_possible,No_check_possible,No_check_possible,No_check_possible
874,11667176,46,0.043478260869565216,0.13043478260869565,Y,0-40%,True,No_check_possible,No_check_possible,No_check_possible,No_check_possible
875,11667177,46,0.043478260869565216,0.13043478260869565,Y,0-40%,True,No_check_possible,No_check_possible,No_check_possible,No_check_possible
876,11687340,71,0.19718309859154928,0.5492957746478874,Y,0-40%,True,No_check_possible,No_check_possible,No_check_possible,No_check_possible
877,42151184,33,0.09090909090909091,0.09090909090909091,Y,0-40%,True,No_check_possible,No_check_possible,No_check_possible,No_check_possible
878,11379892,48,0.041666666666666664,0.041666666666666664,Y,0-40%,True,No_check_possible,No_check_possible,No_check_possible,No_check_possible
879,42122369,53,0.09433962264150944,0.11320754716981132,Y,0-40%,True,No_check_possible,No_check_possible,No_check_possible,No_check_possible
880,11268303,16,0.125,0.125,N,Not_Applicable(<30 pts),No_check_possible,No_check_possible,No_check_possible,No_check_possible,No_check_possible
881,100077510,36,0.2222222222222222,12.86111111111111,Y,0-40%,True,No_check_possible,No_check_possible,No_check_possible,No_check_possible
882,49069646,52,0.057692307692307696,4.423076923076923,Y,0-40%,True,No_check_possible,No_check_possible,No_check_possible,No_check_possible
883,11520805,67,0.22388059701492538,0.5522388059701493,Y,0-40%,True,No_check_possible,No_check_possible,No_check_possible,No_check_possible
884,102632615,17,0.11764705882352941,0.4117647058823529,N,Not_Applicable(<30 pts),No_check_possible,No_check_possible,No_check_possible,No_check_possible,No_check_possible
885,102632491,16,0.125,0.1875,N,Not_Applicable(<30 pts),No_check_possible,No_check_possible,No_check_possible,No_check_possible,No_check_possible
886,11655473,59,0.13559322033898305,0.1864406779661017,Y,0-40%,True,No_check_possible,No_check_possible,No_check_possible,No_check_possible
887,11577350,69,0.13043478260869565,0.2028985507246377,Y,0-40%,True,No_check_possible,No_check_possible,No_check_possible,No_check_possible
888,11615878,57,0.15789473684210525,0.3508771929824561,Y,0-40%,True,No_check_possible,No_check_possible,No_check_possible,No_check_possible
889,15701340,70,0.3,0.6857142857142857,Y,0-40%,True,No_check_possible,No_check_possible,No_check_possible,No_check_possible
890,42145554,7,0.2857142857142857,0.8571428571428571,N,Not_Applicable(<30 pts),No_check_possible,No_check_possible,No_check_possible,No_check_possible,No_check_possible
891,42213044,70,0.2714285714285714,0.7142857142857143,Y,0-40%,True,No_check_possible,No_check_possible,No_check_possible,No_check_possible
892,15735691,58,0.1206896551724138,0.13793103448275862,Y,0-40%,True,No_check_possible,No_check_possible,No_check_possible,No_check_possible
893,42226163,51,0.13725490196078433,0.19607843137254902,Y,0-40%,True,No_check_possible,No_check_possible,No_check_possible,No_check_possible
894,101807956,20,0.15,0.3,N,Not_Applicable(<30 pts),No_check_possible,No_check_possible,No_check_possible,No_check_possible,No_check_possible
895,102819314,20,0.15,0.3,N,Not_Applicable(<30 pts),No_check_possible,No_check_possible,No_check_possible,No_check_possible,No_check_possible
896,100077222,20,0.15,0.3,N,Not_Applicable(<30 pts),No_check_possible,No_check_possible,No_check_possible,No_check_possible,No_check_possible
897,11602152,9,0.2222222222222222,0.2222222222222222,N,Not_Applicable(<30 pts),No_check_possible,No_check_possible,No_check_possible,No_check_possible,No_check_possible
898,101900338,36,0.05555555555555555,0.05555555555555555,Y,0-40%,True,No_check_possible,No_check_possible,No_check_possible,No_check_possible
899,101490801,34,0.11764705882352941,0.11764705882352941,Y,0-40%,True,No_check_possible,No_check_possible,No_check_possible,No_check_possible
900,42205685,22,0.18181818181818182,0.22727272727272727,N,Not_Applicable(<30 pts),No_check_possible,No_check_possible,No_check_possible,No_check_possible,No_check_possible
901,42213037,56,0.10714285714285714,0.10714285714285714,Y,0-40%,True,No_check_possible,No_check_possible,No_check_possible,No_check_possible
902,102584458,6,0.3333333333333333,0.3333333333333333,N,Not_Applicable(<30 pts),No_check_possible,No_check_possible,No_check_possible,No_check_possible,No_check_possible
903,102570066,34,0.5294117647058824,8.5,Y,40-70%,True,No_check_possible,No_check_possible,No_check_possible,No_check_possible
904,14021424,64,0.078125,0.21875,Y,0-40%,True,No_check_possible,No_check_possible,No_check_possible,No_check_possible
905,42139203,50,0.06,0.1,Y,0-40%,True,No_check_possible,No_check_possible,No_check_possible,No_check_possible
906,102318359,18,0.1111111111111111,0.1111111111111111,N,Not_Applicable(<30 pts),No_check_possible,No_check_possible,No_check_possible,No_check_possible,No_check_possible
907,102182259,20,0.2,0.3,N,Not_Applicable(<30 pts),No_check_possible,No_check_possible,No_check_possible,No_check_possible,No_check_possible
908,16644692,5,0.4,0.4,N,Not_Applicable(<30 pts),No_check_possible,No_check_possible,No_check_possible,No_check_possible,No_check_possible
909,102591877,61,0.18032786885245902,0.39344262295081966,Y,0-40%,True,No_check_possible,No_check_possible,No_check_possible,No_check_possible
910,11341262,35,0.05714285714285714,0.05714285714285714,Y,0-40%,True,No_check_possible,No_check_possible,No_check_possible,No_check_possible
911,16793368,39,0.15384615384615385,0.15384615384615385,Y,0-40%,True,No_check_possible,No_check_possible,No_check_possible,No_check_possible
912,35875032,11,0.18181818181818182,0.18181818181818182,N,Not_Applicable(<30 pts),No_check_possible,No_check_possible,No_check_possible,No_check_possible,No_check_possible
913,101820984,28,0.07142857142857142,1.8214285714285714,N,Not_Applicable(<30 pts),No_check_possible,No_check_possible,No_check_possible,No_check_possible,No_check_possible
914,102611880,46,0.06521739130434782,0.06521739130434782,Y,0-40%,True,No_check_possible,No_check_possible,No_check_possible,No_check_possible
915,11573643,55,0.10909090909090909,0.10909090909090909,Y,0-40%,True,No_check_possible,No_check_possible,No_check_possible,No_check_possible
916,102798088,48,0.3541666666666667,1.4166666666666667,Y,0-40%,True,No_check_possible,No_check_possible,No_check_possible,No_check_possible
917,100859874,66,0.24242424242424243,1.878787878787879,Y,0-40%,True,No_check_possible,No_check_possible,No_check_possible,No_check_possible
918,14021440,46,0.06521739130434782,0.06521739130434782,Y,0-40%,True,No_check_possible,No_check_possible,No_check_possible,No_check_possible
919,16366583,53,0.20754716981132076,0.24528301886792453,Y,0-40%,True,No_check_possible,No_check_possible,No_check_possible,No_check_possible
920,105717350,5,0.4,0.4,N,Not_Applicable(<30 pts),No_check_possible,No_check_possible,No_check_possible,No_check_possible,No_check_possible
921,11575688,58,0.1206896551724138,0.1206896551724138,Y,0-40%,False,trend-non-stationary,1,seasonal_stationary,0
922,100060701,64,0.1875,0.28125,Y,0-40%,True,No_check_possible,No_check_possible,No_check_possible,No_check_possible
923,15322902,30,0.13333333333333333,0.2,Y,0-40%,True,No_check_possible,No_check_possible,No_check_possible,No_check_possible
924,102583271,37,0.13513513513513514,0.1891891891891892,Y,0-40%,True,No_check_possible,No_check_possible,No_check_possible,No_check_possible
925,101521718,67,0.208955223880597,0.44776119402985076,Y,0-40%,True,No_check_possible,No_check_possible,No_check_possible,No_check_possible
926,100580845,50,0.2,0.24,Y,0-40%,True,No_check_possible,No_check_possible,No_check_possible,No_check_possible
927,102616340,44,0.36363636363636365,0.8409090909090909,Y,0-40%,True,No_check_possible,No_check_possible,No_check_possible,No_check_possible
928,15728729,40,0.25,0.35,Y,0-40%,True,No_check_possible,No_check_possible,No_check_possible,No_check_possible
929,42142365,25,0.24,0.56,N,Not_Applicable(<30 pts),No_check_possible,No_check_possible,No_check_possible,No_check_possible,No_check_possible
930,101847900,46,0.08695652173913043,0.08695652173913043,Y,0-40%,True,No_check_possible,No_check_possible,No_check_possible,No_check_possible
931,101798856,25,0.24,0.8,N,Not_Applicable(<30 pts),No_check_possible,No_check_possible,No_check_possible,No_check_possible,No_check_possible
932,11210081,46,0.08695652173913043,0.15217391304347827,Y,0-40%,True,No_check_possible,No_check_possible,No_check_possible,No_check_possible
933,11526673,53,0.07547169811320754,0.24528301886792453,Y,0-40%,True,No_check_possible,No_check_possible,No_check_possible,No_check_possible
934,11287374,63,0.14285714285714285,0.3968253968253968,Y,0-40%,True,No_check_possible,No_check_possible,No_check_possible,No_check_possible
935,37529226,72,0.4166666666666667,0.8333333333333334,Y,40-70%,True,No_check_possible,No_check_possible,No_check_possible,No_check_possible
936,11557928,11,0.18181818181818182,0.7272727272727273,N,Not_Applicable(<30 pts),No_check_possible,No_check_possible,No_check_possible,No_check_possible,No_check_possible
937,100461496,45,0.06666666666666667,0.06666666666666667,Y,0-40%,True,No_check_possible,No_check_possible,No_check_possible,No_check_possible
938,102408924,71,0.15492957746478872,0.30985915492957744,Y,0-40%,True,No_check_possible,No_check_possible,No_check_possible,No_check_possible
939,102644245,12,0.25,0.25,N,Not_Applicable(<30 pts),No_check_possible,No_check_possible,No_check_possible,No_check_possible,No_check_possible
940,100198921,17,0.11764705882352941,0.11764705882352941,N,Not_Applicable(<30 pts),No_check_possible,No_check_possible,No_check_possible,No_check_possible,No_check_possible
941,100198932,5,0.4,0.4,N,Not_Applicable(<30 pts),No_check_possible,No_check_possible,No_check_possible,No_check_possible,No_check_possible
942,102293956,44,0.18181818181818182,0.29545454545454547,Y,0-40%,True,No_check_possible,No_check_possible,No_check_possible,No_check_possible
943,102592800,25,0.04,0.08,N,Not_Applicable(<30 pts),No_check_possible,No_check_possible,No_check_possible,No_check_possible,No_check_possible
944,49091755,52,0.09615384615384616,0.1346153846153846,Y,0-40%,True,No_check_possible,No_check_possible,No_check_possible,No_check_possible
945,11266218,20,0.15,0.15,N,Not_Applicable(<30 pts),No_check_possible,No_check_possible,No_check_possible,No_check_possible,No_check_possible
946,102632995,60,0.21666666666666667,0.3333333333333333,Y,0-40%,True,No_check_possible,No_check_possible,No_check_possible,No_check_possible
947,11712896,26,0.11538461538461539,0.11538461538461539,N,Not_Applicable(<30 pts),No_check_possible,No_check_possible,No_check_possible,No_check_possible,No_check_possible
948,42154957,46,0.10869565217391304,0.13043478260869565,Y,0-40%,True,No_check_possible,No_check_possible,No_check_possible,No_check_possible
949,100791220,29,0.5172413793103449,1.4482758620689655,N,Not_Applicable(<30 pts),No_check_possible,No_check_possible,No_check_possible,No_check_possible,No_check_possible
950,11341052,70,0.15714285714285714,0.5,Y,0-40%,True,No_check_possible,No_check_possible,No_check_possible,No_check_possible
951,49088592,65,0.1076923076923077,0.15384615384615385,Y,0-40%,True,No_check_possible,No_check_possible,No_check_possible,No_check_possible
952,42272101,14,0.14285714285714285,0.14285714285714285,N,Not_Applicable(<30 pts),No_check_possible,No_check_possible,No_check_possible,No_check_possible,No_check_possible
953,100510099,24,0.08333333333333333,0.08333333333333333,N,Not_Applicable(<30 pts),No_check_possible,No_check_possible,No_check_possible,No_check_possible,No_check_possible
954,11501811,61,0.19672131147540983,0.26229508196721313,Y,0-40%,True,No_check_possible,No_check_possible,No_check_possible,No_check_possible
955,16045266,49,0.10204081632653061,0.10204081632653061,Y,0-40%,True,No_check_possible,No_check_possible,No_check_possible,No_check_possible
956,11706683,49,0.061224489795918366,0.061224489795918366,Y,0-40%,True,No_check_possible,No_check_possible,No_check_possible,No_check_possible
957,15706063,12,0.16666666666666666,0.16666666666666666,N,Not_Applicable(<30 pts),No_check_possible,No_check_possible,No_check_possible,No_check_possible,No_check_possible
958,13730035,58,0.08620689655172414,0.13793103448275862,Y,0-40%,True,No_check_possible,No_check_possible,No_check_possible,No_check_possible
959,104313657,9,0.3333333333333333,0.6666666666666666,N,Not_Applicable(<30 pts),No_check_possible,No_check_possible,No_check_possible,No_check_possible,No_check_possible
960,11157463,52,0.11538461538461539,0.2692307692307692,Y,0-40%,True,No_check_possible,No_check_possible,No_check_possible,No_check_possible
961,100862213,34,0.2647058823529412,0.4117647058823529,Y,0-40%,True,No_check_possible,No_check_possible,No_check_possible,No_check_possible
962,42224630,47,0.19148936170212766,0.46808510638297873,Y,0-40%,True,No_check_possible,No_check_possible,No_check_possible,No_check_possible
963,11709228,51,0.11764705882352941,0.11764705882352941,Y,0-40%,True,No_check_possible,No_check_possible,No_check_possible,No_check_possible
964,104188447,22,0.18181818181818182,0.5909090909090909,N,Not_Applicable(<30 pts),No_check_possible,No_check_possible,No_check_possible,No_check_possible,No_check_possible
965,100689148,43,0.09302325581395349,0.09302325581395349,Y,0-40%,True,No_check_possible,No_check_possible,No_check_possible,No_check_possible
966,102828077,28,0.17857142857142858,0.21428571428571427,N,Not_Applicable(<30 pts),No_check_possible,No_check_possible,No_check_possible,No_check_possible,No_check_possible
967,11670878,37,0.10810810810810811,0.10810810810810811,Y,0-40%,True,No_check_possible,No_check_possible,No_check_possible,No_check_possible
968,49093894,36,0.05555555555555555,0.05555555555555555,Y,0-40%,True,No_check_possible,No_check_possible,No_check_possible,No_check_possible
969,42204549,45,0.08888888888888889,0.2,Y,0-40%,True,No_check_possible,No_check_possible,No_check_possible,No_check_possible
970,11577769,19,0.15789473684210525,0.15789473684210525,N,Not_Applicable(<30 pts),No_check_possible,No_check_possible,No_check_possible,No_check_possible,No_check_possible
971,15277942,17,0.11764705882352941,0.11764705882352941,N,Not_Applicable(<30 pts),No_check_possible,No_check_possible,No_check_possible,No_check_possible,No_check_possible
972,42228729,62,0.03225806451612903,0.03225806451612903,Y,0-40%,True,No_check_possible,No_check_possible,No_check_possible,No_check_possible
973,102645435,29,0.06896551724137931,0.10344827586206896,N,Not_Applicable(<30 pts),No_check_possible,No_check_possible,No_check_possible,No_check_possible,No_check_possible
974,100301181,48,0.125,0.20833333333333334,Y,0-40%,True,No_check_possible,No_check_possible,No_check_possible,No_check_possible
975,102612018,43,0.06976744186046512,0.11627906976744186,Y,0-40%,True,No_check_possible,No_check_possible,No_check_possible,No_check_possible
976,102590488,49,0.1836734693877551,0.2857142857142857,Y,0-40%,True,No_check_possible,No_check_possible,No_check_possible,No_check_possible
977,100637733,42,0.16666666666666666,0.30952380952380953,Y,0-40%,True,No_check_possible,No_check_possible,No_check_possible,No_check_possible
978,42218686,18,0.1111111111111111,0.1111111111111111,N,Not_Applicable(<30 pts),No_check_possible,No_check_possible,No_check_possible,No_check_possible,No_check_possible
979,11128453,22,0.09090909090909091,0.09090909090909091,N,Not_Applicable(<30 pts),No_check_possible,No_check_possible,No_check_possible,No_check_possible,No_check_possible
980,102095403,49,0.061224489795918366,0.061224489795918366,Y,0-40%,True,No_check_possible,No_check_possible,No_check_possible,No_check_possible
981,102895871,8,0.25,0.25,N,Not_Applicable(<30 pts),No_check_possible,No_check_possible,No_check_possible,No_check_possible,No_check_possible
982,16166164,40,0.225,0.375,Y,0-40%,True,No_check_possible,No_check_possible,No_check_possible,No_check_possible
983,100570839,38,0.21052631578947367,0.2894736842105263,Y,0-40%,True,No_check_possible,No_check_possible,No_check_possible,No_check_possible
984,42204583,47,0.0851063829787234,0.10638297872340426,Y,0-40%,True,No_check_possible,No_check_possible,No_check_possible,No_check_possible
985,42220803,60,0.13333333333333333,0.23333333333333334,Y,0-40%,True,No_check_possible,No_check_possible,No_check_possible,No_check_possible
986,101471576,9,0.2222222222222222,0.2222222222222222,N,Not_Applicable(<30 pts),No_check_possible,No_check_possible,No_check_possible,No_check_possible,No_check_possible
987,101491075,50,0.08,0.1,Y,0-40%,True,No_check_possible,No_check_possible,No_check_possible,No_check_possible
988,102552371,47,0.14893617021276595,0.2765957446808511,Y,0-40%,True,No_check_possible,No_check_possible,No_check_possible,No_check_possible
989,100734644,32,0.125,0.15625,Y,0-40%,True,No_check_possible,No_check_possible,No_check_possible,No_check_possible
990,102827945,8,0.25,0.375,N,Not_Applicable(<30 pts),No_check_possible,No_check_possible,No_check_possible,No_check_possible,No_check_possible
991,11712534,29,0.06896551724137931,0.06896551724137931,N,Not_Applicable(<30 pts),No_check_possible,No_check_possible,No_check_possible,No_check_possible,No_check_possible
992,16248788,67,0.2537313432835821,0.3582089552238806,Y,0-40%,True,No_check_possible,No_check_possible,No_check_possible,No_check_possible
993,11474032,25,0.08,0.08,N,Not_Applicable(<30 pts),No_check_possible,No_check_possible,No_check_possible,No_check_possible,No_check_possible
994,11238144,45,0.044444444444444446,0.044444444444444446,Y,0-40%,True,No_check_possible,No_check_possible,No_check_possible,No_check_possible
995,11441435,6,0.3333333333333333,4.333333333333333,N,Not_Applicable(<30 pts),No_check_possible,No_check_possible,No_check_possible,No_check_possible,No_check_possible
996,100567153,39,0.07692307692307693,0.07692307692307693,Y,0-40%,True,No_check_possible,No_check_possible,No_check_possible,No_check_possible
997,11019694,64,0.21875,0.265625,Y,0-40%,True,No_check_possible,No_check_possible,No_check_possible,No_check_possible
998,42307362,47,0.0851063829787234,0.0851063829787234,Y,0-40%,True,No_check_possible,No_check_possible,No_check_possible,No_check_possible
999,102791803,53,0.1509433962264151,0.18867924528301888,Y,0-40%,True,No_check_possible,No_check_possible,No_check_possible,No_check_possible
1000,42155715,33,0.15151515151515152,0.24242424242424243,Y,0-40%,True,No_check_possible,No_check_possible,No_check_possible,No_check_possible
1001,100711326,38,0.05263157894736842,0.05263157894736842,Y,0-40%,True,No_check_possible,No_check_possible,No_check_possible,No_check_possible
1002,42143070,20,0.15,0.15,N,Not_Applicable(<30 pts),No_check_possible,No_check_possible,No_check_possible,No_check_possible,No_check_possible
1003,102176632,15,0.2,0.2,N,Not_Applicable(<30 pts),No_check_possible,No_check_possible,No_check_possible,No_check_possible,No_check_possible
1004,102495600,9,0.1111111111111111,0.1111111111111111,N,Not_Applicable(<30 pts),No_check_possible,No_check_possible,No_check_possible,No_check_possible,No_check_possible
1005,102151749,11,0.18181818181818182,0.18181818181818182,N,Not_Applicable(<30 pts),No_check_possible,No_check_possible,No_check_possible,No_check_possible,No_check_possible
1006,102823278,6,0.3333333333333333,0.3333333333333333,N,Not_Applicable(<30 pts),No_check_possible,No_check_possible,No_check_possible,No_check_possible,No_check_possible
1007,100671614,71,0.2112676056338028,0.4647887323943662,Y,0-40%,True,No_check_possible,No_check_possible,No_check_possible,No_check_possible
1008,42212306,67,0.16417910447761194,0.26865671641791045,Y,0-40%,True,No_check_possible,No_check_possible,No_check_possible,No_check_possible
1009,11285415,53,0.03773584905660377,0.03773584905660377,Y,0-40%,True,No_check_possible,No_check_possible,No_check_possible,No_check_possible
1010,102112586,52,0.11538461538461539,0.19230769230769232,Y,0-40%,True,No_check_possible,No_check_possible,No_check_possible,No_check_possible
1011,15971419,53,0.1320754716981132,0.1509433962264151,Y,0-40%,True,No_check_possible,No_check_possible,No_check_possible,No_check_possible
1012,11340941,68,0.04411764705882353,0.04411764705882353,Y,0-40%,True,No_check_possible,No_check_possible,No_check_possible,No_check_possible
1013,102630559,37,0.10810810810810811,0.1891891891891892,Y,0-40%,True,No_check_possible,No_check_possible,No_check_possible,No_check_possible
1014,102318954,32,0.1875,0.25,Y,0-40%,True,No_check_possible,No_check_possible,No_check_possible,No_check_possible
1015,102637021,29,0.06896551724137931,0.06896551724137931,N,Not_Applicable(<30 pts),No_check_possible,No_check_possible,No_check_possible,No_check_possible,No_check_possible
1016,102571794,35,0.11428571428571428,0.17142857142857143,Y,0-40%,True,No_check_possible,No_check_possible,No_check_possible,No_check_possible
1017,11680394,52,0.038461538461538464,0.038461538461538464,Y,0-40%,True,No_check_possible,No_check_possible,No_check_possible,No_check_possible
1018,37532005,53,0.20754716981132076,0.7169811320754716,Y,0-40%,True,No_check_possible,No_check_possible,No_check_possible,No_check_possible
1019,100100703,36,0.08333333333333333,0.1111111111111111,Y,0-40%,True,No_check_possible,No_check_possible,No_check_possible,No_check_possible
1020,42146093,68,0.16176470588235295,0.29411764705882354,Y,0-40%,True,No_check_possible,No_check_possible,No_check_possible,No_check_possible
1021,100203967,48,0.0625,0.125,Y,0-40%,True,No_check_possible,No_check_possible,No_check_possible,No_check_possible
1022,100702519,54,0.09259259259259259,0.12962962962962962,Y,0-40%,True,No_check_possible,No_check_possible,No_check_possible,No_check_possible
1023,100722312,48,0.041666666666666664,0.0625,Y,0-40%,True,No_check_possible,No_check_possible,No_check_possible,No_check_possible
1024,101503598,50,0.1,0.14,Y,0-40%,True,No_check_possible,No_check_possible,No_check_possible,No_check_possible
1025,102118129,53,0.18867924528301888,1.1320754716981132,Y,0-40%,True,No_check_possible,No_check_possible,No_check_possible,No_check_possible
1026,101836981,67,0.2537313432835821,0.9552238805970149,Y,0-40%,True,No_check_possible,No_check_possible,No_check_possible,No_check_possible
1027,101836931,73,0.1232876712328767,0.3013698630136986,Y,0-40%,True,No_check_possible,No_check_possible,No_check_possible,No_check_possible
1028,100631071,27,0.07407407407407407,0.1111111111111111,N,Not_Applicable(<30 pts),No_check_possible,No_check_possible,No_check_possible,No_check_possible,No_check_possible
1029,102529684,54,0.12962962962962962,0.2037037037037037,Y,0-40%,True,No_check_possible,No_check_possible,No_check_possible,No_check_possible
1030,100834109,47,0.10638297872340426,0.14893617021276595,Y,0-40%,True,No_check_possible,No_check_possible,No_check_possible,No_check_possible
1031,102504314,47,0.10638297872340426,0.14893617021276595,Y,0-40%,True,No_check_possible,No_check_possible,No_check_possible,No_check_possible
1032,101909788,27,0.14814814814814814,0.25925925925925924,N,Not_Applicable(<30 pts),No_check_possible,No_check_possible,No_check_possible,No_check_possible,No_check_possible
1033,15990466,49,0.10204081632653061,0.22448979591836735,Y,0-40%,True,No_check_possible,No_check_possible,No_check_possible,No_check_possible
1034,11597147,41,0.1951219512195122,0.21951219512195122,Y,0-40%,True,No_check_possible,No_check_possible,No_check_possible,No_check_possible
1035,16642030,35,0.08571428571428572,0.14285714285714285,Y,0-40%,True,No_check_possible,No_check_possible,No_check_possible,No_check_possible
1036,15744161,20,0.15,0.25,N,Not_Applicable(<30 pts),No_check_possible,No_check_possible,No_check_possible,No_check_possible,No_check_possible
1037,25016868,7,0.2857142857142857,0.7142857142857143,N,Not_Applicable(<30 pts),No_check_possible,No_check_possible,No_check_possible,No_check_possible,No_check_possible
1038,37457209,50,0.16,1.12,Y,0-40%,True,No_check_possible,No_check_possible,No_check_possible,No_check_possible
1039,42007095,67,0.208955223880597,1.1492537313432836,Y,0-40%,True,No_check_possible,No_check_possible,No_check_possible,No_check_possible
1040,42133354,67,0.07462686567164178,0.08955223880597014,Y,0-40%,True,No_check_possible,No_check_possible,No_check_possible,No_check_possible
1041,42268337,16,0.1875,0.3125,N,Not_Applicable(<30 pts),No_check_possible,No_check_possible,No_check_possible,No_check_possible,No_check_possible
1042,42307923,37,0.08108108108108109,0.16216216216216217,Y,0-40%,True,No_check_possible,No_check_possible,No_check_possible,No_check_possible
1043,100378926,39,0.07692307692307693,0.10256410256410256,Y,0-40%,True,No_check_possible,No_check_possible,No_check_possible,No_check_possible
1044,42122800,52,0.11538461538461539,0.19230769230769232,Y,0-40%,True,No_check_possible,No_check_possible,No_check_possible,No_check_possible
1045,42217868,31,0.12903225806451613,0.1935483870967742,Y,0-40%,True,No_check_possible,No_check_possible,No_check_possible,No_check_possible
1046,42272666,63,0.1111111111111111,0.2857142857142857,Y,0-40%,True,No_check_possible,No_check_possible,No_check_possible,No_check_possible
1047,42138676,58,0.06896551724137931,0.10344827586206896,Y,0-40%,True,No_check_possible,No_check_possible,No_check_possible,No_check_possible
1048,11578301,61,0.04918032786885246,0.08196721311475409,Y,0-40%,True,No_check_possible,No_check_possible,No_check_possible,No_check_possible
1049,100512502,51,0.1568627450980392,0.21568627450980393,Y,0-40%,True,No_check_possible,No_check_possible,No_check_possible,No_check_possible
1050,11293300,43,0.11627906976744186,0.2558139534883721,Y,0-40%,True,No_check_possible,No_check_possible,No_check_possible,No_check_possible
1051,102387172,47,0.14893617021276595,0.3191489361702128,Y,0-40%,True,No_check_possible,No_check_possible,No_check_possible,No_check_possible
1052,15362318,63,0.15873015873015872,0.3492063492063492,Y,0-40%,True,No_check_possible,No_check_possible,No_check_possible,No_check_possible
1053,16028132,62,0.22580645161290322,0.4032258064516129,Y,0-40%,True,No_check_possible,No_check_possible,No_check_possible,No_check_possible
1054,49051239,51,0.1568627450980392,0.6274509803921569,Y,0-40%,True,No_check_possible,No_check_possible,No_check_possible,No_check_possible
1055,100060149,60,0.16666666666666666,0.48333333333333334,Y,0-40%,True,No_check_possible,No_check_possible,No_check_possible,No_check_possible
1056,42150503,70,0.17142857142857143,0.32857142857142857,Y,0-40%,True,No_check_possible,No_check_possible,No_check_possible,No_check_possible
1057,102095110,22,0.09090909090909091,0.3181818181818182,N,Not_Applicable(<30 pts),No_check_possible,No_check_possible,No_check_possible,No_check_possible,No_check_possible
1058,100594967,53,0.33962264150943394,0.6981132075471698,Y,0-40%,True,No_check_possible,No_check_possible,No_check_possible,No_check_possible
1059,102591999,28,0.25,2.0357142857142856,N,Not_Applicable(<30 pts),No_check_possible,No_check_possible,No_check_possible,No_check_possible,No_check_possible
1060,11688427,67,0.22388059701492538,0.4626865671641791,Y,0-40%,True,No_check_possible,No_check_possible,No_check_possible,No_check_possible
1061,11672859,62,0.0967741935483871,0.3064516129032258,Y,0-40%,True,No_check_possible,No_check_possible,No_check_possible,No_check_possible
1062,102611960,17,0.5294117647058824,0.8823529411764706,N,Not_Applicable(<30 pts),No_check_possible,No_check_possible,No_check_possible,No_check_possible,No_check_possible
1063,100804163,61,0.08196721311475409,0.08196721311475409,Y,0-40%,True,No_check_possible,No_check_possible,No_check_possible,No_check_possible
1064,102176464,33,0.21212121212121213,0.36363636363636365,Y,0-40%,True,No_check_possible,No_check_possible,No_check_possible,No_check_possible
1065,42044459,61,0.04918032786885246,0.6721311475409836,Y,0-40%,True,No_check_possible,No_check_possible,No_check_possible,No_check_possible
1066,102294444,69,0.13043478260869565,0.5072463768115942,Y,0-40%,True,No_check_possible,No_check_possible,No_check_possible,No_check_possible
1067,41987349,35,0.05714285714285714,0.05714285714285714,Y,0-40%,True,No_check_possible,No_check_possible,No_check_possible,No_check_possible
1068,100525122,46,0.06521739130434782,0.06521739130434782,Y,0-40%,True,No_check_possible,No_check_possible,No_check_possible,No_check_possible
1069,100165787,19,0.10526315789473684,0.10526315789473684,N,Not_Applicable(<30 pts),No_check_possible,No_check_possible,No_check_possible,No_check_possible,No_check_possible
1070,42248905,13,0.15384615384615385,0.3076923076923077,N,Not_Applicable(<30 pts),No_check_possible,No_check_possible,No_check_possible,No_check_possible,No_check_possible
1071,100697103,50,0.18,0.28,Y,0-40%,True,No_check_possible,No_check_possible,No_check_possible,No_check_possible
1072,102552611,29,0.13793103448275862,0.13793103448275862,N,Not_Applicable(<30 pts),No_check_possible,No_check_possible,No_check_possible,No_check_possible,No_check_possible
1073,101876285,37,0.02702702702702703,0.02702702702702703,Y,0-40%,True,No_check_possible,No_check_possible,No_check_possible,No_check_possible
1074,102610884,16,0.125,0.125,N,Not_Applicable(<30 pts),No_check_possible,No_check_possible,No_check_possible,No_check_possible,No_check_possible
1075,15996267,67,0.1044776119402985,0.13432835820895522,Y,0-40%,True,No_check_possible,No_check_possible,No_check_possible,No_check_possible
1076,11524799,18,0.1111111111111111,0.16666666666666666,N,Not_Applicable(<30 pts),No_check_possible,No_check_possible,No_check_possible,No_check_possible,No_check_possible
1077,102921428,7,0.2857142857142857,0.42857142857142855,N,Not_Applicable(<30 pts),No_check_possible,No_check_possible,No_check_possible,No_check_possible,No_check_possible
1078,105717161,16,0.125,0.125,N,Not_Applicable(<30 pts),No_check_possible,No_check_possible,No_check_possible,No_check_possible,No_check_possible
1079,105717030,19,0.10526315789473684,0.15789473684210525,N,Not_Applicable(<30 pts),No_check_possible,No_check_possible,No_check_possible,No_check_possible,No_check_possible
1080,42133078,71,0.056338028169014086,0.07042253521126761,Y,0-40%,True,No_check_possible,No_check_possible,No_check_possible,No_check_possible
1081,15733155,42,0.047619047619047616,0.047619047619047616,Y,0-40%,True,No_check_possible,No_check_possible,No_check_possible,No_check_possible
1082,49149909,20,0.15,0.15,N,Not_Applicable(<30 pts),No_check_possible,No_check_possible,No_check_possible,No_check_possible,No_check_possible
1083,100461364,71,0.352112676056338,2.5774647887323945,Y,0-40%,True,No_check_possible,No_check_possible,No_check_possible,No_check_possible
1084,11653364,26,0.07692307692307693,0.07692307692307693,N,Not_Applicable(<30 pts),No_check_possible,No_check_possible,No_check_possible,No_check_possible,No_check_possible
1085,16225345,10,0.2,0.2,N,Not_Applicable(<30 pts),No_check_possible,No_check_possible,No_check_possible,No_check_possible,No_check_possible
1086,100663467,27,0.07407407407407407,0.07407407407407407,N,Not_Applicable(<30 pts),No_check_possible,No_check_possible,No_check_possible,No_check_possible,No_check_possible
1087,15726847,63,0.09523809523809523,0.15873015873015872,Y,0-40%,True,No_check_possible,No_check_possible,No_check_possible,No_check_possible
1088,15615836,72,0.1388888888888889,0.20833333333333334,Y,0-40%,True,No_check_possible,No_check_possible,No_check_possible,No_check_possible
1089,37459573,43,0.16279069767441862,0.32558139534883723,Y,0-40%,True,No_check_possible,No_check_possible,No_check_possible,No_check_possible
1090,11247513,41,0.17073170731707318,0.24390243902439024,Y,0-40%,True,No_check_possible,No_check_possible,No_check_possible,No_check_possible
1091,16105176,8,0.25,0.25,N,Not_Applicable(<30 pts),No_check_possible,No_check_possible,No_check_possible,No_check_possible,No_check_possible
1092,100725232,67,0.11940298507462686,0.7313432835820896,Y,0-40%,True,No_check_possible,No_check_possible,No_check_possible,No_check_possible
1093,42148921,33,0.09090909090909091,0.09090909090909091,Y,0-40%,True,No_check_possible,No_check_possible,No_check_possible,No_check_possible
1094,11521248,11,0.18181818181818182,0.18181818181818182,N,Not_Applicable(<30 pts),No_check_possible,No_check_possible,No_check_possible,No_check_possible,No_check_possible
1095,100612118,27,0.14814814814814814,0.14814814814814814,N,Not_Applicable(<30 pts),No_check_possible,No_check_possible,No_check_possible,No_check_possible,No_check_possible
1096,37457898,73,0.0821917808219178,0.3972602739726027,Y,0-40%,True,No_check_possible,No_check_possible,No_check_possible,No_check_possible
1097,100774640,59,0.1864406779661017,0.6949152542372882,Y,0-40%,True,No_check_possible,No_check_possible,No_check_possible,No_check_possible
1098,15728199,63,0.06349206349206349,0.12698412698412698,Y,0-40%,True,No_check_possible,No_check_possible,No_check_possible,No_check_possible
1099,100449281,71,0.14084507042253522,0.3380281690140845,Y,0-40%,True,No_check_possible,No_check_possible,No_check_possible,No_check_possible
1100,11688344,68,0.35294117647058826,1.5441176470588236,Y,0-40%,True,No_check_possible,No_check_possible,No_check_possible,No_check_possible
1101,100512761,69,0.08695652173913043,0.14492753623188406,Y,0-40%,True,No_check_possible,No_check_possible,No_check_possible,No_check_possible
1102,102579513,73,0.3150684931506849,0.7534246575342466,Y,0-40%,True,No_check_possible,No_check_possible,No_check_possible,No_check_possible
1103,11144300,41,0.1951219512195122,0.1951219512195122,Y,0-40%,True,No_check_possible,No_check_possible,No_check_possible,No_check_possible
1104,11701406,66,0.030303030303030304,0.030303030303030304,Y,0-40%,True,No_check_possible,No_check_possible,No_check_possible,No_check_possible
1105,16420889,44,0.045454545454545456,0.045454545454545456,Y,0-40%,True,No_check_possible,No_check_possible,No_check_possible,No_check_possible
1106,11250686,54,0.037037037037037035,0.9074074074074074,Y,0-40%,True,No_check_possible,No_check_possible,No_check_possible,No_check_possible
1107,42221745,36,0.05555555555555555,0.05555555555555555,Y,0-40%,True,No_check_possible,No_check_possible,No_check_possible,No_check_possible
1108,11399999,4,0.25,0.25,N,Not_Applicable(<30 pts),No_check_possible,No_check_possible,No_check_possible,No_check_possible,No_check_possible
1109,15729161,55,0.07272727272727272,0.07272727272727272,Y,0-40%,True,No_check_possible,No_check_possible,No_check_possible,No_check_possible
1110,15594876,23,0.13043478260869565,0.21739130434782608,N,Not_Applicable(<30 pts),No_check_possible,No_check_possible,No_check_possible,No_check_possible,No_check_possible
1111,15701128,37,0.05405405405405406,0.05405405405405406,Y,0-40%,True,No_check_possible,No_check_possible,No_check_possible,No_check_possible
1112,37458555,23,0.08695652173913043,0.13043478260869565,N,Not_Applicable(<30 pts),No_check_possible,No_check_possible,No_check_possible,No_check_possible,No_check_possible
1113,100734366,45,0.06666666666666667,0.06666666666666667,Y,0-40%,True,No_check_possible,No_check_possible,No_check_possible,No_check_possible
1114,16166028,74,0.1891891891891892,0.3918918918918919,Y,0-40%,True,No_check_possible,No_check_possible,No_check_possible,No_check_possible
1115,11329002,31,0.1935483870967742,0.1935483870967742,Y,0-40%,True,No_check_possible,No_check_possible,No_check_possible,No_check_possible
1116,100563530,73,0.1506849315068493,0.1917808219178082,Y,0-40%,True,No_check_possible,No_check_possible,No_check_possible,No_check_possible
1117,100603105,38,0.2894736842105263,0.5526315789473685,Y,0-40%,True,No_check_possible,No_check_possible,No_check_possible,No_check_possible
1118,100750388,70,0.21428571428571427,0.45714285714285713,Y,0-40%,True,No_check_possible,No_check_possible,No_check_possible,No_check_possible
1119,15733005,63,0.12698412698412698,0.19047619047619047,Y,0-40%,True,No_check_possible,No_check_possible,No_check_possible,No_check_possible
1120,42216535,32,0.0625,0.0625,Y,0-40%,True,No_check_possible,No_check_possible,No_check_possible,No_check_possible
1121,101502760,67,0.11940298507462686,0.19402985074626866,Y,0-40%,True,No_check_possible,No_check_possible,No_check_possible,No_check_possible
1122,11038661,65,0.12307692307692308,1.2923076923076924,Y,0-40%,True,No_check_possible,No_check_possible,No_check_possible,No_check_possible
1123,101473904,46,0.10869565217391304,0.15217391304347827,Y,0-40%,True,No_check_possible,No_check_possible,No_check_possible,No_check_possible
1124,42205904,69,0.42028985507246375,1.9275362318840579,Y,40-70%,True,No_check_possible,No_check_possible,No_check_possible,No_check_possible
1125,42145909,70,0.37142857142857144,0.7428571428571429,Y,0-40%,True,No_check_possible,No_check_possible,No_check_possible,No_check_possible
1126,11614558,11,0.09090909090909091,0.09090909090909091,N,Not_Applicable(<30 pts),No_check_possible,No_check_possible,No_check_possible,No_check_possible,No_check_possible
1127,100634554,73,0.0821917808219178,0.0821917808219178,Y,0-40%,True,No_check_possible,No_check_possible,No_check_possible,No_check_possible
1128,102349777,74,0.16216216216216217,0.32432432432432434,Y,0-40%,True,No_check_possible,No_check_possible,No_check_possible,No_check_possible
1129,15732409,73,0.1506849315068493,0.1643835616438356,Y,0-40%,True,No_check_possible,No_check_possible,No_check_possible,No_check_possible
1130,11679179,20,0.1,0.1,N,Not_Applicable(<30 pts),No_check_possible,No_check_possible,No_check_possible,No_check_possible,No_check_possible
1131,15727871,32,0.09375,0.09375,Y,0-40%,True,No_check_possible,No_check_possible,No_check_possible,No_check_possible
1132,29665527,41,0.04878048780487805,0.04878048780487805,Y,0-40%,True,No_check_possible,No_check_possible,No_check_possible,No_check_possible
1133,101489247,24,0.16666666666666666,0.375,N,Not_Applicable(<30 pts),No_check_possible,No_check_possible,No_check_possible,No_check_possible,No_check_possible
1134,100301189,57,0.17543859649122806,0.2631578947368421,Y,0-40%,True,No_check_possible,No_check_possible,No_check_possible,No_check_possible
1135,11700674,14,0.14285714285714285,0.14285714285714285,N,Not_Applicable(<30 pts),No_check_possible,No_check_possible,No_check_possible,No_check_possible,No_check_possible
1136,102117413,16,0.1875,0.1875,N,Not_Applicable(<30 pts),No_check_possible,No_check_possible,No_check_possible,No_check_possible,No_check_possible
1137,100724811,44,0.11363636363636363,0.22727272727272727,Y,0-40%,True,No_check_possible,No_check_possible,No_check_possible,No_check_possible
1138,42147490,70,0.15714285714285714,0.2714285714285714,Y,0-40%,True,No_check_possible,No_check_possible,No_check_possible,No_check_possible
1139,100694531,16,0.1875,0.1875,N,Not_Applicable(<30 pts),No_check_possible,No_check_possible,No_check_possible,No_check_possible,No_check_possible
1140,16018474,62,0.0967741935483871,0.1774193548387097,Y,0-40%,False,trend-stationary,0,seasonal_stationary,0
1141,16787208,25,0.08,0.08,N,Not_Applicable(<30 pts),No_check_possible,No_check_possible,No_check_possible,No_check_possible,No_check_possible
1142,16993443,70,0.07142857142857142,0.14285714285714285,Y,0-40%,True,No_check_possible,No_check_possible,No_check_possible,No_check_possible
1143,42226953,39,0.07692307692307693,0.10256410256410256,Y,0-40%,True,No_check_possible,No_check_possible,No_check_possible,No_check_possible
1144,100845642,56,0.05357142857142857,0.4107142857142857,Y,0-40%,True,No_check_possible,No_check_possible,No_check_possible,No_check_possible
1145,29665495,72,0.19444444444444445,0.8333333333333334,Y,0-40%,True,No_check_possible,No_check_possible,No_check_possible,No_check_possible
1146,42046876,37,0.13513513513513514,0.2702702702702703,Y,0-40%,True,No_check_possible,No_check_possible,No_check_possible,No_check_possible
1147,42298442,60,0.08333333333333333,0.15,Y,0-40%,True,No_check_possible,No_check_possible,No_check_possible,No_check_possible
1148,100831618,73,0.0958904109589041,0.2054794520547945,Y,0-40%,True,No_check_possible,No_check_possible,No_check_possible,No_check_possible
1149,15594792,42,0.09523809523809523,0.19047619047619047,Y,0-40%,True,No_check_possible,No_check_possible,No_check_possible,No_check_possible
1150,42150672,29,0.3103448275862069,0.896551724137931,N,Not_Applicable(<30 pts),No_check_possible,No_check_possible,No_check_possible,No_check_possible,No_check_possible
1151,100085231,66,0.12121212121212122,0.9545454545454546,Y,0-40%,True,No_check_possible,No_check_possible,No_check_possible,No_check_possible
1152,11597721,34,0.058823529411764705,0.058823529411764705,Y,0-40%,True,No_check_possible,No_check_possible,No_check_possible,No_check_possible
1153,11712145,62,0.06451612903225806,0.06451612903225806,Y,0-40%,True,No_check_possible,No_check_possible,No_check_possible,No_check_possible
1154,42215071,43,0.06976744186046512,0.06976744186046512,Y,0-40%,True,No_check_possible,No_check_possible,No_check_possible,No_check_possible
1155,102616306,5,0.4,0.4,N,Not_Applicable(<30 pts),No_check_possible,No_check_possible,No_check_possible,No_check_possible,No_check_possible
1156,11578066,70,0.1,0.35714285714285715,Y,0-40%,True,No_check_possible,No_check_possible,No_check_possible,No_check_possible
1157,102534334,30,0.1,0.13333333333333333,Y,0-40%,True,No_check_possible,No_check_possible,No_check_possible,No_check_possible
1158,11669997,25,0.24,0.6,N,Not_Applicable(<30 pts),No_check_possible,No_check_possible,No_check_possible,No_check_possible,No_check_possible
1159,100803833,61,0.2459016393442623,0.9344262295081968,Y,0-40%,True,No_check_possible,No_check_possible,No_check_possible,No_check_possible
1160,102137173,70,0.02857142857142857,0.02857142857142857,Y,0-40%,True,No_check_possible,No_check_possible,No_check_possible,No_check_possible
1161,49100628,53,0.07547169811320754,0.07547169811320754,Y,0-40%,True,No_check_possible,No_check_possible,No_check_possible,No_check_possible
1162,11692109,71,0.04225352112676056,0.04225352112676056,Y,0-40%,True,No_check_possible,No_check_possible,No_check_possible,No_check_possible
1163,11665518,4,0.5,0.5,N,Not_Applicable(<30 pts),No_check_possible,No_check_possible,No_check_possible,No_check_possible,No_check_possible
1164,42150390,56,0.21428571428571427,0.26785714285714285,Y,0-40%,True,No_check_possible,No_check_possible,No_check_possible,No_check_possible
1165,42217049,69,0.11594202898550725,0.30434782608695654,Y,0-40%,True,No_check_possible,No_check_possible,No_check_possible,No_check_possible
1166,16644467,59,0.15254237288135594,0.3050847457627119,Y,0-40%,True,No_check_possible,No_check_possible,No_check_possible,No_check_possible
1167,11700375,15,0.13333333333333333,0.13333333333333333,N,Not_Applicable(<30 pts),No_check_possible,No_check_possible,No_check_possible,No_check_possible,No_check_possible
1168,100029868,59,0.0847457627118644,0.1016949152542373,Y,0-40%,True,No_check_possible,No_check_possible,No_check_possible,No_check_possible
1169,100429677,3,0.6666666666666666,0.6666666666666666,N,Not_Applicable(<30 pts),No_check_possible,No_check_possible,No_check_possible,No_check_possible,No_check_possible
1170,11702822,41,0.14634146341463414,0.2682926829268293,Y,0-40%,True,No_check_possible,No_check_possible,No_check_possible,No_check_possible
1171,16440743,14,0.14285714285714285,0.14285714285714285,N,Not_Applicable(<30 pts),No_check_possible,No_check_possible,No_check_possible,No_check_possible,No_check_possible
1172,100484926,59,0.0847457627118644,0.1016949152542373,Y,0-40%,True,No_check_possible,No_check_possible,No_check_possible,No_check_possible
1173,100834738,8,0.375,0.375,N,Not_Applicable(<30 pts),No_check_possible,No_check_possible,No_check_possible,No_check_possible,No_check_possible
1174,11666560,14,0.14285714285714285,0.14285714285714285,N,Not_Applicable(<30 pts),No_check_possible,No_check_possible,No_check_possible,No_check_possible,No_check_possible
1175,11363098,62,0.03225806451612903,0.03225806451612903,Y,0-40%,True,No_check_possible,No_check_possible,No_check_possible,No_check_possible
1176,11377961,64,0.171875,0.234375,Y,0-40%,True,No_check_possible,No_check_possible,No_check_possible,No_check_possible
1177,16039305,68,0.20588235294117646,0.4852941176470588,Y,0-40%,True,No_check_possible,No_check_possible,No_check_possible,No_check_possible
1178,100094802,53,0.03773584905660377,0.03773584905660377,Y,0-40%,True,No_check_possible,No_check_possible,No_check_possible,No_check_possible
1179,11675797,63,0.047619047619047616,0.06349206349206349,Y,0-40%,True,No_check_possible,No_check_possible,No_check_possible,No_check_possible
1180,11636205,5,0.2,0.2,N,Not_Applicable(<30 pts),No_check_possible,No_check_possible,No_check_possible,No_check_possible,No_check_possible
1181,49074364,22,0.045454545454545456,0.045454545454545456,N,Not_Applicable(<30 pts),No_check_possible,No_check_possible,No_check_possible,No_check_possible,No_check_possible
1182,49100704,60,0.03333333333333333,0.03333333333333333,Y,0-40%,True,No_check_possible,No_check_possible,No_check_possible,No_check_possible
1183,49118854,71,0.056338028169014086,0.09859154929577464,Y,0-40%,True,No_check_possible,No_check_possible,No_check_possible,No_check_possible
1184,102490034,57,0.21052631578947367,1.087719298245614,Y,0-40%,True,No_check_possible,No_check_possible,No_check_possible,No_check_possible
1185,102299765,7,0.2857142857142857,57.285714285714285,N,Not_Applicable(<30 pts),No_check_possible,No_check_possible,No_check_possible,No_check_possible,No_check_possible
1186,101876371,13,0.15384615384615385,0.23076923076923078,N,Not_Applicable(<30 pts),No_check_possible,No_check_possible,No_check_possible,No_check_possible,No_check_possible
1187,102331738,73,0.1095890410958904,0.1232876712328767,Y,0-40%,True,No_check_possible,No_check_possible,No_check_possible,No_check_possible
1188,49162385,68,0.11764705882352941,0.3382352941176471,Y,0-40%,True,No_check_possible,No_check_possible,No_check_possible,No_check_possible
1189,42221449,26,0.11538461538461539,0.34615384615384615,N,Not_Applicable(<30 pts),No_check_possible,No_check_possible,No_check_possible,No_check_possible,No_check_possible
1190,100369365,41,0.12195121951219512,0.1951219512195122,Y,0-40%,True,No_check_possible,No_check_possible,No_check_possible,No_check_possible
1191,37459601,62,0.06451612903225806,0.12903225806451613,Y,0-40%,True,No_check_possible,No_check_possible,No_check_possible,No_check_possible
1192,42272762,21,0.14285714285714285,0.19047619047619047,N,Not_Applicable(<30 pts),No_check_possible,No_check_possible,No_check_possible,No_check_possible,No_check_possible
1193,101793571,69,0.028985507246376812,0.043478260869565216,Y,0-40%,True,No_check_possible,No_check_possible,No_check_possible,No_check_possible
1194,100112729,68,0.04411764705882353,0.058823529411764705,Y,0-40%,True,No_check_possible,No_check_possible,No_check_possible,No_check_possible
1195,101916273,18,0.16666666666666666,0.2222222222222222,N,Not_Applicable(<30 pts),No_check_possible,No_check_possible,No_check_possible,No_check_possible,No_check_possible
1196,100750316,32,0.1875,0.4375,Y,0-40%,True,No_check_possible,No_check_possible,No_check_possible,No_check_possible
1197,101935854,19,0.2631578947368421,0.9473684210526315,N,Not_Applicable(<30 pts),No_check_possible,No_check_possible,No_check_possible,No_check_possible,No_check_possible
1198,102099307,56,0.125,0.42857142857142855,Y,0-40%,True,No_check_possible,No_check_possible,No_check_possible,No_check_possible
1199,100755034,65,0.18461538461538463,0.3230769230769231,Y,0-40%,True,No_check_possible,No_check_possible,No_check_possible,No_check_possible
1200,102279809,14,0.14285714285714285,0.2857142857142857,N,Not_Applicable(<30 pts),No_check_possible,No_check_possible,No_check_possible,No_check_possible,No_check_possible
1201,100508820,57,0.07017543859649122,0.08771929824561403,Y,0-40%,True,No_check_possible,No_check_possible,No_check_possible,No_check_possible
1202,100834107,26,0.15384615384615385,0.3076923076923077,N,Not_Applicable(<30 pts),No_check_possible,No_check_possible,No_check_possible,No_check_possible,No_check_possible
1203,100803967,36,0.08333333333333333,0.16666666666666666,Y,0-40%,True,No_check_possible,No_check_possible,No_check_possible,No_check_possible
1204,102309125,7,0.2857142857142857,0.5714285714285714,N,Not_Applicable(<30 pts),No_check_possible,No_check_possible,No_check_possible,No_check_possible,No_check_possible
1205,101518874,66,0.045454545454545456,0.12121212121212122,Y,0-40%,True,No_check_possible,No_check_possible,No_check_possible,No_check_possible
1206,100567407,62,0.22580645161290322,0.7580645161290323,Y,0-40%,True,No_check_possible,No_check_possible,No_check_possible,No_check_possible
1207,15405024,71,0.09859154929577464,0.2676056338028169,Y,0-40%,True,No_check_possible,No_check_possible,No_check_possible,No_check_possible
1208,37531928,71,0.08450704225352113,0.16901408450704225,Y,0-40%,True,No_check_possible,No_check_possible,No_check_possible,No_check_possible
1209,42207765,46,0.06521739130434782,0.13043478260869565,Y,0-40%,True,No_check_possible,No_check_possible,No_check_possible,No_check_possible
1210,100728078,54,0.037037037037037035,0.05555555555555555,Y,0-40%,True,No_check_possible,No_check_possible,No_check_possible,No_check_possible
1211,42218669,35,0.2,0.5142857142857142,Y,0-40%,True,No_check_possible,No_check_possible,No_check_possible,No_check_possible
1212,101502674,9,0.4444444444444444,0.5555555555555556,N,Not_Applicable(<30 pts),No_check_possible,No_check_possible,No_check_possible,No_check_possible,No_check_possible
1213,42140524,31,0.0967741935483871,0.1935483870967742,Y,0-40%,True,No_check_possible,No_check_possible,No_check_possible,No_check_possible
1214,102181918,59,0.22033898305084745,0.6271186440677966,Y,0-40%,True,No_check_possible,No_check_possible,No_check_possible,No_check_possible
1215,100570857,40,0.1,0.175,Y,0-40%,True,No_check_possible,No_check_possible,No_check_possible,No_check_possible
1216,42149590,46,0.06521739130434782,0.13043478260869565,Y,0-40%,True,No_check_possible,No_check_possible,No_check_possible,No_check_possible
1217,102407589,36,0.25,0.5833333333333334,Y,0-40%,True,No_check_possible,No_check_possible,No_check_possible,No_check_possible
1218,102318687,24,0.125,0.4166666666666667,N,Not_Applicable(<30 pts),No_check_possible,No_check_possible,No_check_possible,No_check_possible,No_check_possible
1219,102112923,58,0.1896551724137931,0.5344827586206896,Y,0-40%,True,No_check_possible,No_check_possible,No_check_possible,No_check_possible
1220,101820914,9,0.2222222222222222,0.6666666666666666,N,Not_Applicable(<30 pts),No_check_possible,No_check_possible,No_check_possible,No_check_possible,No_check_possible
1221,102489365,67,0.1044776119402985,0.19402985074626866,Y,0-40%,True,No_check_possible,No_check_possible,No_check_possible,No_check_possible
1222,49122674,61,0.14754098360655737,0.4262295081967213,Y,0-40%,True,No_check_possible,No_check_possible,No_check_possible,No_check_possible
1223,102495117,57,0.12280701754385964,0.22807017543859648,Y,0-40%,True,No_check_possible,No_check_possible,No_check_possible,No_check_possible
1224,102392146,18,0.2222222222222222,0.6111111111111112,N,Not_Applicable(<30 pts),No_check_possible,No_check_possible,No_check_possible,No_check_possible,No_check_possible
1225,102279835,26,0.15384615384615385,0.34615384615384615,N,Not_Applicable(<30 pts),No_check_possible,No_check_possible,No_check_possible,No_check_possible,No_check_possible
1226,102488846,56,0.10714285714285714,0.19642857142857142,Y,0-40%,True,No_check_possible,No_check_possible,No_check_possible,No_check_possible
1227,102330790,62,0.16129032258064516,1.1774193548387097,Y,0-40%,True,No_check_possible,No_check_possible,No_check_possible,No_check_possible
1228,102293632,54,0.14814814814814814,0.2777777777777778,Y,0-40%,True,No_check_possible,No_check_possible,No_check_possible,No_check_possible
1229,11524460,7,0.2857142857142857,0.2857142857142857,N,Not_Applicable(<30 pts),No_check_possible,No_check_possible,No_check_possible,No_check_possible,No_check_possible
1230,15757845,65,0.09230769230769231,0.27692307692307694,Y,0-40%,True,No_check_possible,No_check_possible,No_check_possible,No_check_possible
1231,100403283,61,0.19672131147540983,0.5901639344262295,Y,0-40%,True,No_check_possible,No_check_possible,No_check_possible,No_check_possible
1232,100563734,53,0.03773584905660377,0.03773584905660377,Y,0-40%,True,No_check_possible,No_check_possible,No_check_possible,No_check_possible
1233,15962908,71,0.2676056338028169,1.1267605633802817,Y,0-40%,True,No_check_possible,No_check_possible,No_check_possible,No_check_possible
1234,42208396,30,0.1,0.1,Y,0-40%,True,No_check_possible,No_check_possible,No_check_possible,No_check_possible
1235,11676697,19,0.10526315789473684,0.10526315789473684,N,Not_Applicable(<30 pts),No_check_possible,No_check_possible,No_check_possible,No_check_possible,No_check_possible
1236,102300000,10,0.7,3.9,N,Not_Applicable(<30 pts),No_check_possible,No_check_possible,No_check_possible,No_check_possible,No_check_possible
1237,102330848,12,0.3333333333333333,1.8333333333333333,N,Not_Applicable(<30 pts),No_check_possible,No_check_possible,No_check_possible,No_check_possible,No_check_possible
1238,100758052,56,0.05357142857142857,0.9285714285714286,Y,0-40%,True,No_check_possible,No_check_possible,No_check_possible,No_check_possible
1239,101471564,28,0.14285714285714285,0.14285714285714285,N,Not_Applicable(<30 pts),No_check_possible,No_check_possible,No_check_possible,No_check_possible,No_check_possible
1240,15732447,9,0.3333333333333333,0.3333333333333333,N,Not_Applicable(<30 pts),No_check_possible,No_check_possible,No_check_possible,No_check_possible,No_check_possible
1241,11067889,66,0.19696969696969696,0.19696969696969696,Y,0-40%,True,No_check_possible,No_check_possible,No_check_possible,No_check_possible
1242,17046580,61,0.16393442622950818,0.9836065573770492,Y,0-40%,True,No_check_possible,No_check_possible,No_check_possible,No_check_possible
1243,100453364,38,0.13157894736842105,0.21052631578947367,Y,0-40%,True,No_check_possible,No_check_possible,No_check_possible,No_check_possible
1244,42259025,73,0.1095890410958904,0.1917808219178082,Y,0-40%,True,No_check_possible,No_check_possible,No_check_possible,No_check_possible
1245,100006108,67,0.04477611940298507,0.07462686567164178,Y,0-40%,True,No_check_possible,No_check_possible,No_check_possible,No_check_possible
1246,11460976,66,0.09090909090909091,0.2878787878787879,Y,0-40%,True,No_check_possible,No_check_possible,No_check_possible,No_check_possible
1247,101405728,55,0.09090909090909091,0.14545454545454545,Y,0-40%,True,No_check_possible,No_check_possible,No_check_possible,No_check_possible
1248,100775241,66,0.12121212121212122,0.12121212121212122,Y,0-40%,True,No_check_possible,No_check_possible,No_check_possible,No_check_possible
1249,49106258,23,0.08695652173913043,0.08695652173913043,N,Not_Applicable(<30 pts),No_check_possible,No_check_possible,No_check_possible,No_check_possible,No_check_possible
1250,42145431,13,0.07692307692307693,0.3076923076923077,N,Not_Applicable(<30 pts),No_check_possible,No_check_possible,No_check_possible,No_check_possible,No_check_possible
1251,100085235,47,0.06382978723404255,0.06382978723404255,Y,0-40%,True,No_check_possible,No_check_possible,No_check_possible,No_check_possible
1252,100550268,59,0.15254237288135594,0.22033898305084745,Y,0-40%,True,No_check_possible,No_check_possible,No_check_possible,No_check_possible
1253,101876313,6,0.5,3.8333333333333335,N,Not_Applicable(<30 pts),No_check_possible,No_check_possible,No_check_possible,No_check_possible,No_check_possible
1254,11654703,62,0.14516129032258066,13.709677419354838,Y,0-40%,True,No_check_possible,No_check_possible,No_check_possible,No_check_possible
1255,11230091,61,0.01639344262295082,0.01639344262295082,Y,0-40%,True,No_check_possible,No_check_possible,No_check_possible,No_check_possible
1256,100121373,7,0.42857142857142855,0.42857142857142855,N,Not_Applicable(<30 pts),No_check_possible,No_check_possible,No_check_possible,No_check_possible,No_check_possible
1257,49085268,8,0.25,0.25,N,Not_Applicable(<30 pts),No_check_possible,No_check_possible,No_check_possible,No_check_possible,No_check_possible
1258,100755238,42,0.047619047619047616,0.047619047619047616,Y,0-40%,True,No_check_possible,No_check_possible,No_check_possible,No_check_possible
1259,49093273,25,0.36,0.96,N,Not_Applicable(<30 pts),No_check_possible,No_check_possible,No_check_possible,No_check_possible,No_check_possible
1260,101802744,9,0.5555555555555556,1.6666666666666667,N,Not_Applicable(<30 pts),No_check_possible,No_check_possible,No_check_possible,No_check_possible,No_check_possible
1261,101858321,44,0.29545454545454547,0.6590909090909091,Y,0-40%,True,No_check_possible,No_check_possible,No_check_possible,No_check_possible
1262,42225557,56,0.07142857142857142,0.125,Y,0-40%,True,No_check_possible,No_check_possible,No_check_possible,No_check_possible
1263,102112668,69,0.2463768115942029,0.6376811594202898,Y,0-40%,True,No_check_possible,No_check_possible,No_check_possible,No_check_possible
1264,100735218,59,0.2542372881355932,0.4915254237288136,Y,0-40%,True,No_check_possible,No_check_possible,No_check_possible,No_check_possible
1265,101492007,29,0.2413793103448276,0.4827586206896552,N,Not_Applicable(<30 pts),No_check_possible,No_check_possible,No_check_possible,No_check_possible,No_check_possible
1266,102279920,15,0.2,0.8,N,Not_Applicable(<30 pts),No_check_possible,No_check_possible,No_check_possible,No_check_possible,No_check_possible
1267,42297466,61,0.09836065573770492,0.2786885245901639,Y,0-40%,True,No_check_possible,No_check_possible,No_check_possible,No_check_possible
1268,102364966,71,0.18309859154929578,0.38028169014084506,Y,0-40%,True,No_check_possible,No_check_possible,No_check_possible,No_check_possible
1269,102189861,39,0.20512820512820512,3.2051282051282053,Y,0-40%,True,No_check_possible,No_check_possible,No_check_possible,No_check_possible
1270,102137405,35,0.14285714285714285,0.22857142857142856,Y,0-40%,True,No_check_possible,No_check_possible,No_check_possible,No_check_possible
1271,42272684,7,0.5714285714285714,0.8571428571428571,N,Not_Applicable(<30 pts),No_check_possible,No_check_possible,No_check_possible,No_check_possible,No_check_possible
1272,100077680,30,0.2,0.6333333333333333,Y,0-40%,True,No_check_possible,No_check_possible,No_check_possible,No_check_possible
1273,100689267,44,0.11363636363636363,0.3181818181818182,Y,0-40%,True,No_check_possible,No_check_possible,No_check_possible,No_check_possible
1274,102350630,64,0.296875,0.59375,Y,0-40%,True,No_check_possible,No_check_possible,No_check_possible,No_check_possible
1275,100824311,72,0.1527777777777778,0.4722222222222222,Y,0-40%,False,trend-non-stationary,1,seasonal_stationary,0
1276,100689700,69,0.11594202898550725,0.391304347826087,Y,0-40%,True,No_check_possible,No_check_possible,No_check_possible,No_check_possible
1277,102176450,43,0.11627906976744186,0.27906976744186046,Y,0-40%,True,No_check_possible,No_check_possible,No_check_possible,No_check_possible
1278,101957670,72,0.1111111111111111,0.20833333333333334,Y,0-40%,True,No_check_possible,No_check_possible,No_check_possible,No_check_possible
1279,101935882,30,0.1,0.26666666666666666,Y,0-40%,True,No_check_possible,No_check_possible,No_check_possible,No_check_possible
1280,101854061,29,0.1724137931034483,0.3793103448275862,N,Not_Applicable(<30 pts),No_check_possible,No_check_possible,No_check_possible,No_check_possible,No_check_possible
1281,102118045,67,0.05970149253731343,0.2537313432835821,Y,0-40%,True,No_check_possible,No_check_possible,No_check_possible,No_check_possible
1282,102325114,55,0.2,0.38181818181818183,Y,0-40%,True,No_check_possible,No_check_possible,No_check_possible,No_check_possible
1283,101883411,17,0.6470588235294118,2.0,N,Not_Applicable(<30 pts),No_check_possible,No_check_possible,No_check_possible,No_check_possible,No_check_possible
1284,102137585,44,0.25,0.5227272727272727,Y,0-40%,True,No_check_possible,No_check_possible,No_check_possible,No_check_possible
1285,11350170,72,0.09722222222222222,0.19444444444444445,Y,0-40%,True,No_check_possible,No_check_possible,No_check_possible,No_check_possible
1286,42220440,63,0.047619047619047616,0.06349206349206349,Y,0-40%,True,No_check_possible,No_check_possible,No_check_possible,No_check_possible
1287,16085145,71,0.2676056338028169,1.0422535211267605,Y,0-40%,True,No_check_possible,No_check_possible,No_check_possible,No_check_possible
1288,100107237,65,0.06153846153846154,0.13846153846153847,Y,0-40%,True,No_check_possible,No_check_possible,No_check_possible,No_check_possible
1289,100150199,43,0.09302325581395349,0.20930232558139536,Y,0-40%,True,No_check_possible,No_check_possible,No_check_possible,No_check_possible
1290,100607410,70,0.22857142857142856,0.6285714285714286,Y,0-40%,True,No_check_possible,No_check_possible,No_check_possible,No_check_possible
1291,100674641,67,0.29850746268656714,2.985074626865672,Y,0-40%,True,No_check_possible,No_check_possible,No_check_possible,No_check_possible
1292,101445367,64,0.15625,0.671875,Y,0-40%,True,No_check_possible,No_check_possible,No_check_possible,No_check_possible
1293,101445408,59,0.0847457627118644,0.1694915254237288,Y,0-40%,True,No_check_possible,No_check_possible,No_check_possible,No_check_possible
1294,101445396,35,0.14285714285714285,0.3142857142857143,Y,0-40%,True,No_check_possible,No_check_possible,No_check_possible,No_check_possible
1295,101447295,53,0.1320754716981132,0.18867924528301888,Y,0-40%,True,No_check_possible,No_check_possible,No_check_possible,No_check_possible
1296,102488724,64,0.125,0.375,Y,0-40%,True,No_check_possible,No_check_possible,No_check_possible,No_check_possible
1297,102331270,64,0.109375,0.15625,Y,0-40%,False,trend-non-stationary,1,seasonal_stationary,0
1298,101473897,65,0.06153846153846154,0.07692307692307693,Y,0-40%,True,No_check_possible,No_check_possible,No_check_possible,No_check_possible
1299,100602387,66,0.06060606060606061,0.2727272727272727,Y,0-40%,True,No_check_possible,No_check_possible,No_check_possible,No_check_possible
1300,100462766,73,0.2054794520547945,0.4383561643835616,Y,0-40%,True,No_check_possible,No_check_possible,No_check_possible,No_check_possible
1301,102176369,23,0.08695652173913043,0.2608695652173913,N,Not_Applicable(<30 pts),No_check_possible,No_check_possible,No_check_possible,No_check_possible,No_check_possible
1302,102290760,35,0.11428571428571428,0.11428571428571428,Y,0-40%,True,No_check_possible,No_check_possible,No_check_possible,No_check_possible
1303,102269870,72,0.06944444444444445,0.09722222222222222,Y,0-40%,True,No_check_possible,No_check_possible,No_check_possible,No_check_possible
1304,42212390,64,0.125,0.21875,Y,0-40%,True,No_check_possible,No_check_possible,No_check_possible,No_check_possible
1305,101821212,71,0.11267605633802817,0.2535211267605634,Y,0-40%,True,No_check_possible,No_check_possible,No_check_possible,No_check_possible
1306,49049257,71,0.323943661971831,0.5915492957746479,Y,0-40%,True,No_check_possible,No_check_possible,No_check_possible,No_check_possible
1307,100788400,9,0.2222222222222222,0.3333333333333333,N,Not_Applicable(<30 pts),No_check_possible,No_check_possible,No_check_possible,No_check_possible,No_check_possible
1308,16279687,72,0.041666666666666664,0.08333333333333333,Y,0-40%,True,No_check_possible,No_check_possible,No_check_possible,No_check_possible
1309,101519020,14,0.35714285714285715,0.6428571428571429,N,Not_Applicable(<30 pts),No_check_possible,No_check_possible,No_check_possible,No_check_possible,No_check_possible
1310,11701619,65,0.2153846153846154,0.4,Y,0-40%,True,No_check_possible,No_check_possible,No_check_possible,No_check_possible
1311,11688035,62,0.08064516129032258,0.12903225806451613,Y,0-40%,True,No_check_possible,No_check_possible,No_check_possible,No_check_possible
1312,100851427,47,0.0425531914893617,0.06382978723404255,Y,0-40%,True,No_check_possible,No_check_possible,No_check_possible,No_check_possible
1313,102204890,33,0.24242424242424243,0.48484848484848486,Y,0-40%,True,No_check_possible,No_check_possible,No_check_possible,No_check_possible
1314,49149638,68,0.07352941176470588,0.11764705882352941,Y,0-40%,True,No_check_possible,No_check_possible,No_check_possible,No_check_possible
1315,42140470,30,0.1,0.1,Y,0-40%,True,No_check_possible,No_check_possible,No_check_possible,No_check_possible
1316,11210471,58,0.06896551724137931,0.06896551724137931,Y,0-40%,True,No_check_possible,No_check_possible,No_check_possible,No_check_possible
1317,11697597,66,0.07575757575757576,0.15151515151515152,Y,0-40%,True,No_check_possible,No_check_possible,No_check_possible,No_check_possible
1318,100074823,34,0.029411764705882353,0.029411764705882353,Y,0-40%,True,No_check_possible,No_check_possible,No_check_possible,No_check_possible
1319,11591635,3,0.6666666666666666,0.6666666666666666,N,Not_Applicable(<30 pts),No_check_possible,No_check_possible,No_check_possible,No_check_possible,No_check_possible
1320,102565526,7,0.42857142857142855,1.1428571428571428,N,Not_Applicable(<30 pts),No_check_possible,No_check_possible,No_check_possible,No_check_possible,No_check_possible
1321,101446803,56,0.03571428571428571,0.03571428571428571,Y,0-40%,True,No_check_possible,No_check_possible,No_check_possible,No_check_possible
1322,42210110,9,0.2222222222222222,0.6666666666666666,N,Not_Applicable(<30 pts),No_check_possible,No_check_possible,No_check_possible,No_check_possible,No_check_possible
1323,100453806,73,0.2191780821917808,0.3424657534246575,Y,0-40%,True,No_check_possible,No_check_possible,No_check_possible,No_check_possible
1324,37458036,40,0.1,0.1,Y,0-40%,True,No_check_possible,No_check_possible,No_check_possible,No_check_possible
1325,100150185,31,0.06451612903225806,0.06451612903225806,Y,0-40%,True,No_check_possible,No_check_possible,No_check_possible,No_check_possible
1326,16555997,30,0.1,0.13333333333333333,Y,0-40%,True,No_check_possible,No_check_possible,No_check_possible,No_check_possible
1327,102550259,71,0.09859154929577464,0.14084507042253522,Y,0-40%,True,No_check_possible,No_check_possible,No_check_possible,No_check_possible
1328,11208072,7,0.2857142857142857,0.2857142857142857,N,Not_Applicable(<30 pts),No_check_possible,No_check_possible,No_check_possible,No_check_possible,No_check_possible
1329,37458981,72,0.125,0.2222222222222222,Y,0-40%,True,No_check_possible,No_check_possible,No_check_possible,No_check_possible
1330,11667936,15,0.2,0.2,N,Not_Applicable(<30 pts),No_check_possible,No_check_possible,No_check_possible,No_check_possible,No_check_possible
1331,100158961,65,0.2153846153846154,0.3076923076923077,Y,0-40%,True,No_check_possible,No_check_possible,No_check_possible,No_check_possible
1332,100512316,71,0.04225352112676056,0.1267605633802817,Y,0-40%,True,No_check_possible,No_check_possible,No_check_possible,No_check_possible
1333,100512318,71,0.056338028169014086,0.14084507042253522,Y,0-40%,True,No_check_possible,No_check_possible,No_check_possible,No_check_possible
1334,100512320,27,0.1111111111111111,0.3333333333333333,N,Not_Applicable(<30 pts),No_check_possible,No_check_possible,No_check_possible,No_check_possible,No_check_possible
1335,42216980,62,0.08064516129032258,0.12903225806451613,Y,0-40%,True,No_check_possible,No_check_possible,No_check_possible,No_check_possible
1336,42221521,17,0.11764705882352941,0.23529411764705882,N,Not_Applicable(<30 pts),No_check_possible,No_check_possible,No_check_possible,No_check_possible,No_check_possible
1337,102182039,19,0.15789473684210525,0.2631578947368421,N,Not_Applicable(<30 pts),No_check_possible,No_check_possible,No_check_possible,No_check_possible,No_check_possible
1338,102051452,54,0.2222222222222222,0.6481481481481481,Y,0-40%,True,No_check_possible,No_check_possible,No_check_possible,No_check_possible
1339,49093411,71,0.07042253521126761,0.2676056338028169,Y,0-40%,True,No_check_possible,No_check_possible,No_check_possible,No_check_possible
1340,42142406,47,0.1276595744680851,0.2127659574468085,Y,0-40%,True,No_check_possible,No_check_possible,No_check_possible,No_check_possible
1341,100552880,71,0.08450704225352113,0.1267605633802817,Y,0-40%,True,No_check_possible,No_check_possible,No_check_possible,No_check_possible
1342,11287539,38,0.10526315789473684,0.10526315789473684,Y,0-40%,True,No_check_possible,No_check_possible,No_check_possible,No_check_possible
1343,100722309,64,0.171875,0.265625,Y,0-40%,True,No_check_possible,No_check_possible,No_check_possible,No_check_possible
1344,11610757,45,0.044444444444444446,0.044444444444444446,Y,0-40%,True,No_check_possible,No_check_possible,No_check_possible,No_check_possible
1345,101916187,35,0.08571428571428572,0.14285714285714285,Y,0-40%,True,No_check_possible,No_check_possible,No_check_possible,No_check_possible
1346,16086522,23,0.17391304347826086,0.17391304347826086,N,Not_Applicable(<30 pts),No_check_possible,No_check_possible,No_check_possible,No_check_possible,No_check_possible
1347,100677443,18,0.16666666666666666,0.16666666666666666,N,Not_Applicable(<30 pts),No_check_possible,No_check_possible,No_check_possible,No_check_possible,No_check_possible
1348,11601919,68,0.029411764705882353,0.029411764705882353,Y,0-40%,True,No_check_possible,No_check_possible,No_check_possible,No_check_possible
1349,11712537,66,0.07575757575757576,0.07575757575757576,Y,0-40%,True,No_check_possible,No_check_possible,No_check_possible,No_check_possible
1350,11380114,15,0.2,0.2,N,Not_Applicable(<30 pts),No_check_possible,No_check_possible,No_check_possible,No_check_possible,No_check_possible
1351,100095450,29,0.1724137931034483,0.20689655172413793,N,Not_Applicable(<30 pts),No_check_possible,No_check_possible,No_check_possible,No_check_possible,No_check_possible
1352,11698489,66,0.09090909090909091,0.09090909090909091,Y,0-40%,True,No_check_possible,No_check_possible,No_check_possible,No_check_possible
1353,100845644,40,0.05,0.525,Y,0-40%,True,No_check_possible,No_check_possible,No_check_possible,No_check_possible
1354,37459165,37,0.6216216216216216,1.7567567567567568,Y,40-70%,True,No_check_possible,No_check_possible,No_check_possible,No_check_possible
1355,11663010,72,0.125,0.16666666666666666,Y,0-40%,True,No_check_possible,No_check_possible,No_check_possible,No_check_possible
1356,101521624,7,0.2857142857142857,0.2857142857142857,N,Not_Applicable(<30 pts),No_check_possible,No_check_possible,No_check_possible,No_check_possible,No_check_possible
1357,100597599,16,0.125,0.125,N,Not_Applicable(<30 pts),No_check_possible,No_check_possible,No_check_possible,No_check_possible,No_check_possible
1358,100646834,63,0.1111111111111111,0.14285714285714285,Y,0-40%,True,No_check_possible,No_check_possible,No_check_possible,No_check_possible
1359,15733151,4,0.5,0.75,N,Not_Applicable(<30 pts),No_check_possible,No_check_possible,No_check_possible,No_check_possible,No_check_possible
1360,15403576,39,0.1794871794871795,0.48717948717948717,Y,0-40%,True,No_check_possible,No_check_possible,No_check_possible,No_check_possible
1361,15671793,54,0.07407407407407407,0.09259259259259259,Y,0-40%,True,No_check_possible,No_check_possible,No_check_possible,No_check_possible
1362,18299025,34,0.058823529411764705,0.08823529411764706,Y,0-40%,True,No_check_possible,No_check_possible,No_check_possible,No_check_possible
1363,42212816,40,0.075,0.15,Y,0-40%,True,No_check_possible,No_check_possible,No_check_possible,No_check_possible
1364,100499605,29,0.27586206896551724,0.41379310344827586,N,Not_Applicable(<30 pts),No_check_possible,No_check_possible,No_check_possible,No_check_possible,No_check_possible
1365,100005838,30,0.1,0.1,Y,0-40%,True,No_check_possible,No_check_possible,No_check_possible,No_check_possible
1366,11287776,67,0.029850746268656716,0.029850746268656716,Y,0-40%,True,No_check_possible,No_check_possible,No_check_possible,No_check_possible
1367,42151138,34,0.14705882352941177,0.9117647058823529,Y,0-40%,True,No_check_possible,No_check_possible,No_check_possible,No_check_possible
1368,11157424,70,0.11428571428571428,0.38571428571428573,Y,0-40%,True,No_check_possible,No_check_possible,No_check_possible,No_check_possible
1369,11603813,66,0.045454545454545456,0.045454545454545456,Y,0-40%,True,No_check_possible,No_check_possible,No_check_possible,No_check_possible
1370,100147070,40,0.325,0.75,Y,0-40%,True,No_check_possible,No_check_possible,No_check_possible,No_check_possible
1371,42153326,20,0.05,0.15,N,Not_Applicable(<30 pts),No_check_possible,No_check_possible,No_check_possible,No_check_possible,No_check_possible
1372,11124769,59,0.15254237288135594,0.22033898305084745,Y,0-40%,True,No_check_possible,No_check_possible,No_check_possible,No_check_possible
1373,11699957,73,0.0684931506849315,0.0958904109589041,Y,0-40%,True,No_check_possible,No_check_possible,No_check_possible,No_check_possible
1374,15403578,59,0.22033898305084745,2.7796610169491527,Y,0-40%,True,No_check_possible,No_check_possible,No_check_possible,No_check_possible
1375,14306585,4,0.5,0.75,N,Not_Applicable(<30 pts),No_check_possible,No_check_possible,No_check_possible,No_check_possible,No_check_possible
1376,100107037,57,0.03508771929824561,0.03508771929824561,Y,0-40%,True,No_check_possible,No_check_possible,No_check_possible,No_check_possible
1377,11672189,62,0.08064516129032258,0.0967741935483871,Y,0-40%,True,No_check_possible,No_check_possible,No_check_possible,No_check_possible
1378,15796989,71,0.08450704225352113,0.08450704225352113,Y,0-40%,True,No_check_possible,No_check_possible,No_check_possible,No_check_possible
1379,42133318,6,0.3333333333333333,8.666666666666666,N,Not_Applicable(<30 pts),No_check_possible,No_check_possible,No_check_possible,No_check_possible,No_check_possible
1380,102284004,55,0.2545454545454545,0.509090909090909,Y,0-40%,True,No_check_possible,No_check_possible,No_check_possible,No_check_possible
1381,101426471,4,0.5,0.75,N,Not_Applicable(<30 pts),No_check_possible,No_check_possible,No_check_possible,No_check_possible,No_check_possible
1382,42150322,64,0.109375,0.109375,Y,0-40%,True,No_check_possible,No_check_possible,No_check_possible,No_check_possible
1383,16174018,59,0.1694915254237288,0.8135593220338984,Y,0-40%,True,No_check_possible,No_check_possible,No_check_possible,No_check_possible
1384,102353776,58,0.05172413793103448,0.10344827586206896,Y,0-40%,True,No_check_possible,No_check_possible,No_check_possible,No_check_possible
1385,100384203,66,0.13636363636363635,0.25757575757575757,Y,0-40%,True,No_check_possible,No_check_possible,No_check_possible,No_check_possible
1386,11700290,31,0.06451612903225806,0.0967741935483871,Y,0-40%,True,No_check_possible,No_check_possible,No_check_possible,No_check_possible
1387,101876459,64,0.25,0.46875,Y,0-40%,True,No_check_possible,No_check_possible,No_check_possible,No_check_possible
1388,42152616,55,0.10909090909090909,0.10909090909090909,Y,0-40%,True,No_check_possible,No_check_possible,No_check_possible,No_check_possible
1389,101893221,28,0.03571428571428571,10.714285714285714,N,Not_Applicable(<30 pts),No_check_possible,No_check_possible,No_check_possible,No_check_possible,No_check_possible
1390,42133243,66,0.07575757575757576,0.2878787878787879,Y,0-40%,True,No_check_possible,No_check_possible,No_check_possible,No_check_possible
1391,100862153,36,0.027777777777777776,0.05555555555555555,Y,0-40%,True,No_check_possible,No_check_possible,No_check_possible,No_check_possible
1392,11065465,66,0.045454545454545456,0.045454545454545456,Y,0-40%,True,No_check_possible,No_check_possible,No_check_possible,No_check_possible
1393,100556113,4,0.5,0.5,N,Not_Applicable(<30 pts),No_check_possible,No_check_possible,No_check_possible,No_check_possible,No_check_possible
1394,100571317,5,0.4,0.4,N,Not_Applicable(<30 pts),No_check_possible,No_check_possible,No_check_possible,No_check_possible,No_check_possible
1395,42044419,28,0.10714285714285714,0.10714285714285714,N,Not_Applicable(<30 pts),No_check_possible,No_check_possible,No_check_possible,No_check_possible,No_check_possible
1396,16148251,9,0.1111111111111111,0.1111111111111111,N,Not_Applicable(<30 pts),No_check_possible,No_check_possible,No_check_possible,No_check_possible,No_check_possible
1397,42153348,69,0.057971014492753624,0.15942028985507245,Y,0-40%,True,No_check_possible,No_check_possible,No_check_possible,No_check_possible
1398,42297699,70,0.05714285714285714,0.07142857142857142,Y,0-40%,True,No_check_possible,No_check_possible,No_check_possible,No_check_possible
1399,11703100,67,0.05970149253731343,0.05970149253731343,Y,0-40%,True,No_check_possible,No_check_possible,No_check_possible,No_check_possible
1400,100641051,62,0.08064516129032258,0.0967741935483871,Y,0-40%,True,No_check_possible,No_check_possible,No_check_possible,No_check_possible
1401,102087130,26,0.038461538461538464,0.07692307692307693,N,Not_Applicable(<30 pts),No_check_possible,No_check_possible,No_check_possible,No_check_possible,No_check_possible
1402,37460027,18,0.1111111111111111,0.1111111111111111,N,Not_Applicable(<30 pts),No_check_possible,No_check_possible,No_check_possible,No_check_possible,No_check_possible
1403,42217866,66,0.12121212121212122,0.16666666666666666,Y,0-40%,True,No_check_possible,No_check_possible,No_check_possible,No_check_possible
1404,49141049,16,0.0625,0.0625,N,Not_Applicable(<30 pts),No_check_possible,No_check_possible,No_check_possible,No_check_possible,No_check_possible
1405,49141071,7,0.14285714285714285,0.14285714285714285,N,Not_Applicable(<30 pts),No_check_possible,No_check_possible,No_check_possible,No_check_possible,No_check_possible
1406,100775579,17,0.11764705882352941,0.11764705882352941,N,Not_Applicable(<30 pts),No_check_possible,No_check_possible,No_check_possible,No_check_possible,No_check_possible
1407,101947353,6,0.3333333333333333,0.5,N,Not_Applicable(<30 pts),No_check_possible,No_check_possible,No_check_possible,No_check_possible,No_check_possible
1408,11701420,61,0.06557377049180328,0.06557377049180328,Y,0-40%,True,No_check_possible,No_check_possible,No_check_possible,No_check_possible
1409,11069994,70,0.12857142857142856,0.12857142857142856,Y,0-40%,True,No_check_possible,No_check_possible,No_check_possible,No_check_possible
1410,42139097,17,0.29411764705882354,0.47058823529411764,N,Not_Applicable(<30 pts),No_check_possible,No_check_possible,No_check_possible,No_check_possible,No_check_possible
1411,37458539,71,0.22535211267605634,0.4225352112676056,Y,0-40%,True,No_check_possible,No_check_possible,No_check_possible,No_check_possible
1412,37458067,67,0.08955223880597014,0.43283582089552236,Y,0-40%,True,No_check_possible,No_check_possible,No_check_possible,No_check_possible
1413,100618323,52,0.17307692307692307,0.23076923076923078,Y,0-40%,True,No_check_possible,No_check_possible,No_check_possible,No_check_possible
1414,11705250,65,0.03076923076923077,0.03076923076923077,Y,0-40%,True,No_check_possible,No_check_possible,No_check_possible,No_check_possible
1415,15888448,46,0.043478260869565216,0.043478260869565216,Y,0-40%,True,No_check_possible,No_check_possible,No_check_possible,No_check_possible
1416,42203442,10,0.4,0.5,N,Not_Applicable(<30 pts),No_check_possible,No_check_possible,No_check_possible,No_check_possible,No_check_possible
1417,100641054,40,0.075,0.075,Y,0-40%,True,No_check_possible,No_check_possible,No_check_possible,No_check_possible
1418,100512302,55,0.05454545454545454,0.07272727272727272,Y,0-40%,True,No_check_possible,No_check_possible,No_check_possible,No_check_possible
1419,42139043,25,0.04,0.04,N,Not_Applicable(<30 pts),No_check_possible,No_check_possible,No_check_possible,No_check_possible,No_check_possible
1420,16550964,63,0.06349206349206349,1.0158730158730158,Y,0-40%,True,No_check_possible,No_check_possible,No_check_possible,No_check_possible
1421,11692668,61,0.21311475409836064,0.6065573770491803,Y,0-40%,True,No_check_possible,No_check_possible,No_check_possible,No_check_possible
1422,18264829,60,0.03333333333333333,0.8333333333333334,Y,0-40%,True,No_check_possible,No_check_possible,No_check_possible,No_check_possible
1423,42077111,37,0.05405405405405406,8.108108108108109,Y,0-40%,True,No_check_possible,No_check_possible,No_check_possible,No_check_possible
1424,100788448,70,0.18571428571428572,0.9571428571428572,Y,0-40%,True,No_check_possible,No_check_possible,No_check_possible,No_check_possible
1425,100689720,12,0.4166666666666667,0.9166666666666666,N,Not_Applicable(<30 pts),No_check_possible,No_check_possible,No_check_possible,No_check_possible,No_check_possible
1426,16452655,72,0.3194444444444444,1.4027777777777777,Y,0-40%,False,trend-stationary,0,seasonal_stationary,0
1427,11281986,53,0.11320754716981132,0.24528301886792453,Y,0-40%,True,No_check_possible,No_check_possible,No_check_possible,No_check_possible
1428,42217874,65,0.35384615384615387,0.9538461538461539,Y,0-40%,True,No_check_possible,No_check_possible,No_check_possible,No_check_possible
1429,42133345,31,0.12903225806451613,0.16129032258064516,Y,0-40%,True,No_check_possible,No_check_possible,No_check_possible,No_check_possible
1430,16153195,17,0.23529411764705882,0.7058823529411765,N,Not_Applicable(<30 pts),No_check_possible,No_check_possible,No_check_possible,No_check_possible,No_check_possible
1431,42299084,64,0.03125,0.03125,Y,0-40%,True,No_check_possible,No_check_possible,No_check_possible,No_check_possible
1432,11706136,44,0.13636363636363635,0.1590909090909091,Y,0-40%,True,No_check_possible,No_check_possible,No_check_possible,No_check_possible
1433,11020340,58,0.06896551724137931,0.20689655172413793,Y,0-40%,True,No_check_possible,No_check_possible,No_check_possible,No_check_possible
1434,11675242,7,0.2857142857142857,0.2857142857142857,N,Not_Applicable(<30 pts),No_check_possible,No_check_possible,No_check_possible,No_check_possible,No_check_possible
1435,100702520,71,0.11267605633802817,0.2112676056338028,Y,0-40%,True,No_check_possible,No_check_possible,No_check_possible,No_check_possible
1436,11592905,65,0.15384615384615385,0.4461538461538462,Y,0-40%,True,No_check_possible,No_check_possible,No_check_possible,No_check_possible
1437,11660458,54,0.037037037037037035,0.05555555555555555,Y,0-40%,True,No_check_possible,No_check_possible,No_check_possible,No_check_possible
1438,15957654,43,0.27906976744186046,0.6046511627906976,Y,0-40%,True,No_check_possible,No_check_possible,No_check_possible,No_check_possible
1439,11208973,31,0.0967741935483871,0.0967741935483871,Y,0-40%,True,No_check_possible,No_check_possible,No_check_possible,No_check_possible
1440,101444293,65,0.18461538461538463,0.4,Y,0-40%,True,No_check_possible,No_check_possible,No_check_possible,No_check_possible
1441,100702879,28,0.03571428571428571,0.03571428571428571,N,Not_Applicable(<30 pts),No_check_possible,No_check_possible,No_check_possible,No_check_possible,No_check_possible
1442,42212316,71,0.2112676056338028,0.4084507042253521,Y,0-40%,True,No_check_possible,No_check_possible,No_check_possible,No_check_possible
1443,11328651,37,0.08108108108108109,0.08108108108108109,Y,0-40%,True,No_check_possible,No_check_possible,No_check_possible,No_check_possible
1444,11706903,18,0.1111111111111111,0.1111111111111111,N,Not_Applicable(<30 pts),No_check_possible,No_check_possible,No_check_possible,No_check_possible,No_check_possible
1445,42219590,34,0.029411764705882353,0.029411764705882353,Y,0-40%,True,No_check_possible,No_check_possible,No_check_possible,No_check_possible
1446,42228715,30,0.03333333333333333,0.03333333333333333,Y,0-40%,True,No_check_possible,No_check_possible,No_check_possible,No_check_possible
1447,42138039,16,0.0625,0.0625,N,Not_Applicable(<30 pts),No_check_possible,No_check_possible,No_check_possible,No_check_possible,No_check_possible
1448,11665840,53,0.03773584905660377,0.03773584905660377,Y,0-40%,True,No_check_possible,No_check_possible,No_check_possible,No_check_possible
1449,42202896,20,0.05,0.05,N,Not_Applicable(<30 pts),No_check_possible,No_check_possible,No_check_possible,No_check_possible,No_check_possible
1450,42150310,9,0.3333333333333333,1.0,N,Not_Applicable(<30 pts),No_check_possible,No_check_possible,No_check_possible,No_check_possible,No_check_possible
1451,101847940,67,0.04477611940298507,0.08955223880597014,Y,0-40%,True,No_check_possible,No_check_possible,No_check_possible,No_check_possible
1452,14021484,32,0.09375,0.09375,Y,0-40%,True,No_check_possible,No_check_possible,No_check_possible,No_check_possible
1453,14498044,71,0.14084507042253522,0.18309859154929578,Y,0-40%,True,No_check_possible,No_check_possible,No_check_possible,No_check_possible
1454,42221463,20,0.05,0.05,N,Not_Applicable(<30 pts),No_check_possible,No_check_possible,No_check_possible,No_check_possible,No_check_possible
1455,100434407,39,0.02564102564102564,0.02564102564102564,Y,0-40%,True,No_check_possible,No_check_possible,No_check_possible,No_check_possible
1456,42209973,20,0.05,0.05,N,Not_Applicable(<30 pts),No_check_possible,No_check_possible,No_check_possible,No_check_possible,No_check_possible
1457,100434777,38,0.07894736842105263,0.07894736842105263,Y,0-40%,True,No_check_possible,No_check_possible,No_check_possible,No_check_possible
1458,102547311,5,0.4,0.6,N,Not_Applicable(<30 pts),No_check_possible,No_check_possible,No_check_possible,No_check_possible,No_check_possible
1459,42210805,34,0.058823529411764705,0.08823529411764706,Y,0-40%,True,No_check_possible,No_check_possible,No_check_possible,No_check_possible
1460,42219440,66,0.30303030303030304,0.6515151515151515,Y,0-40%,True,No_check_possible,No_check_possible,No_check_possible,No_check_possible
1461,11164408,4,0.25,2.0,N,Not_Applicable(<30 pts),No_check_possible,No_check_possible,No_check_possible,No_check_possible,No_check_possible
1462,101503428,65,0.12307692307692308,0.2153846153846154,Y,0-40%,True,No_check_possible,No_check_possible,No_check_possible,No_check_possible
1463,101819877,69,0.13043478260869565,0.37681159420289856,Y,0-40%,True,No_check_possible,No_check_possible,No_check_possible,No_check_possible
1464,102365092,53,0.09433962264150944,0.11320754716981132,Y,0-40%,True,No_check_possible,No_check_possible,No_check_possible,No_check_possible
1465,100781466,57,0.15789473684210525,0.22807017543859648,Y,0-40%,True,No_check_possible,No_check_possible,No_check_possible,No_check_possible
1466,100365910,68,0.07352941176470588,0.16176470588235295,Y,0-40%,True,No_check_possible,No_check_possible,No_check_possible,No_check_possible
1467,42225853,66,0.12121212121212122,0.30303030303030304,Y,0-40%,True,No_check_possible,No_check_possible,No_check_possible,No_check_possible
1468,11385243,44,0.09090909090909091,0.09090909090909091,Y,0-40%,True,No_check_possible,No_check_possible,No_check_possible,No_check_possible
1469,37459401,17,0.11764705882352941,0.29411764705882354,N,Not_Applicable(<30 pts),No_check_possible,No_check_possible,No_check_possible,No_check_possible,No_check_possible
1470,11664634,6,0.3333333333333333,0.3333333333333333,N,Not_Applicable(<30 pts),No_check_possible,No_check_possible,No_check_possible,No_check_possible,No_check_possible
1471,15727441,57,0.05263157894736842,0.07017543859649122,Y,0-40%,True,No_check_possible,No_check_possible,No_check_possible,No_check_possible
1472,11686985,66,0.045454545454545456,0.045454545454545456,Y,0-40%,True,No_check_possible,No_check_possible,No_check_possible,No_check_possible
1473,37459522,61,0.06557377049180328,0.08196721311475409,Y,0-40%,True,No_check_possible,No_check_possible,No_check_possible,No_check_possible
1474,11558220,54,0.07407407407407407,0.07407407407407407,Y,0-40%,True,No_check_possible,No_check_possible,No_check_possible,No_check_possible
1475,11118479,24,0.08333333333333333,0.08333333333333333,N,Not_Applicable(<30 pts),No_check_possible,No_check_possible,No_check_possible,No_check_possible,No_check_possible
1476,100577853,66,0.07575757575757576,0.07575757575757576,Y,0-40%,True,No_check_possible,No_check_possible,No_check_possible,No_check_possible
1477,11656900,18,0.1111111111111111,0.16666666666666666,N,Not_Applicable(<30 pts),No_check_possible,No_check_possible,No_check_possible,No_check_possible,No_check_possible
1478,42147910,44,0.36363636363636365,0.6136363636363636,Y,0-40%,True,No_check_possible,No_check_possible,No_check_possible,No_check_possible
1479,16825247,70,0.15714285714285714,1.9428571428571428,Y,0-40%,True,No_check_possible,No_check_possible,No_check_possible,No_check_possible
1480,18271000,30,0.1,0.1,Y,0-40%,True,No_check_possible,No_check_possible,No_check_possible,No_check_possible
1481,42123710,4,0.5,0.5,N,Not_Applicable(<30 pts),No_check_possible,No_check_possible,No_check_possible,No_check_possible,No_check_possible
1482,14528458,62,0.20967741935483872,0.22580645161290322,Y,0-40%,False,trend-non-stationary,1,seasonal_stationary,0
1483,102503830,33,0.36363636363636365,1.6666666666666667,Y,0-40%,True,No_check_possible,No_check_possible,No_check_possible,No_check_possible
1484,11374916,8,0.75,1.625,N,Not_Applicable(<30 pts),No_check_possible,No_check_possible,No_check_possible,No_check_possible,No_check_possible
1485,102281015,70,0.1,0.1,Y,0-40%,True,No_check_possible,No_check_possible,No_check_possible,No_check_possible
1486,15785114,18,0.1111111111111111,0.1111111111111111,N,Not_Applicable(<30 pts),No_check_possible,No_check_possible,No_check_possible,No_check_possible,No_check_possible
1487,100315657,65,0.06153846153846154,0.06153846153846154,Y,0-40%,True,No_check_possible,No_check_possible,No_check_possible,No_check_possible
1488,42123849,24,0.041666666666666664,0.041666666666666664,N,Not_Applicable(<30 pts),No_check_possible,No_check_possible,No_check_possible,No_check_possible,No_check_possible
1489,100637845,61,0.04918032786885246,0.06557377049180328,Y,0-40%,True,No_check_possible,No_check_possible,No_check_possible,No_check_possible
1490,100272334,71,0.056338028169014086,0.07042253521126761,Y,0-40%,True,No_check_possible,No_check_possible,No_check_possible,No_check_possible
1491,102583589,3,0.6666666666666666,0.6666666666666666,N,Not_Applicable(<30 pts),No_check_possible,No_check_possible,No_check_possible,No_check_possible,No_check_possible
1492,102117018,52,0.057692307692307696,0.057692307692307696,Y,0-40%,True,No_check_possible,No_check_possible,No_check_possible,No_check_possible
1493,102338098,42,0.14285714285714285,0.19047619047619047,Y,0-40%,True,No_check_possible,No_check_possible,No_check_possible,No_check_possible
1494,101412342,25,0.12,0.16,N,Not_Applicable(<30 pts),No_check_possible,No_check_possible,No_check_possible,No_check_possible,No_check_possible
1495,102189573,61,0.09836065573770492,0.16393442622950818,Y,0-40%,True,No_check_possible,No_check_possible,No_check_possible,No_check_possible
1496,100525037,5,0.4,0.6,N,Not_Applicable(<30 pts),No_check_possible,No_check_possible,No_check_possible,No_check_possible,No_check_possible
1497,102524888,7,0.2857142857142857,0.2857142857142857,N,Not_Applicable(<30 pts),No_check_possible,No_check_possible,No_check_possible,No_check_possible,No_check_possible
1498,42307478,44,0.09090909090909091,0.13636363636363635,Y,0-40%,True,No_check_possible,No_check_possible,No_check_possible,No_check_possible
1499,101947381,13,0.3076923076923077,0.6153846153846154,N,Not_Applicable(<30 pts),No_check_possible,No_check_possible,No_check_possible,No_check_possible,No_check_possible
1500,101858183,26,0.15384615384615385,0.2692307692307692,N,Not_Applicable(<30 pts),No_check_possible,No_check_possible,No_check_possible,No_check_possible,No_check_possible
1501,11693765,67,0.08955223880597014,0.1044776119402985,Y,0-40%,True,No_check_possible,No_check_possible,No_check_possible,No_check_possible
1502,102571758,63,0.15873015873015872,0.7301587301587301,Y,0-40%,True,No_check_possible,No_check_possible,No_check_possible,No_check_possible
1503,13846933,62,0.08064516129032258,0.08064516129032258,Y,0-40%,True,No_check_possible,No_check_possible,No_check_possible,No_check_possible
1504,49122836,71,0.11267605633802817,0.16901408450704225,Y,0-40%,True,No_check_possible,No_check_possible,No_check_possible,No_check_possible
1505,37472557,17,0.11764705882352941,0.11764705882352941,N,Not_Applicable(<30 pts),No_check_possible,No_check_possible,No_check_possible,No_check_possible,No_check_possible
1506,102158228,20,0.15,0.15,N,Not_Applicable(<30 pts),No_check_possible,No_check_possible,No_check_possible,No_check_possible,No_check_possible
1507,100689603,41,0.1951219512195122,0.2926829268292683,Y,0-40%,True,No_check_possible,No_check_possible,No_check_possible,No_check_possible
1508,42144244,36,0.027777777777777776,0.027777777777777776,Y,0-40%,True,No_check_possible,No_check_possible,No_check_possible,No_check_possible
1509,42254977,4,0.5,0.5,N,Not_Applicable(<30 pts),No_check_possible,No_check_possible,No_check_possible,No_check_possible,No_check_possible
1510,102530504,27,0.07407407407407407,0.07407407407407407,N,Not_Applicable(<30 pts),No_check_possible,No_check_possible,No_check_possible,No_check_possible,No_check_possible
1511,11518400,36,0.1111111111111111,0.1111111111111111,Y,0-40%,True,No_check_possible,No_check_possible,No_check_possible,No_check_possible
1512,16014957,42,0.047619047619047616,0.047619047619047616,Y,0-40%,True,No_check_possible,No_check_possible,No_check_possible,No_check_possible
1513,100222091,61,0.29508196721311475,0.9836065573770492,Y,0-40%,True,No_check_possible,No_check_possible,No_check_possible,No_check_possible
1514,15727423,60,0.25,1.1666666666666667,Y,0-40%,True,No_check_possible,No_check_possible,No_check_possible,No_check_possible
1515,37459708,64,0.0625,0.09375,Y,0-40%,True,No_check_possible,No_check_possible,No_check_possible,No_check_possible
1516,42139259,66,0.045454545454545456,0.07575757575757576,Y,0-40%,True,No_check_possible,No_check_possible,No_check_possible,No_check_possible
1517,11412552,33,0.12121212121212122,0.15151515151515152,Y,0-40%,True,No_check_possible,No_check_possible,No_check_possible,No_check_possible
1518,101412139,24,0.08333333333333333,5.916666666666667,N,Not_Applicable(<30 pts),No_check_possible,No_check_possible,No_check_possible,No_check_possible,No_check_possible
1519,11328537,29,0.06896551724137931,0.06896551724137931,N,Not_Applicable(<30 pts),No_check_possible,No_check_possible,No_check_possible,No_check_possible,No_check_possible
1520,11340942,56,0.05357142857142857,0.05357142857142857,Y,0-40%,True,No_check_possible,No_check_possible,No_check_possible,No_check_possible
1521,11601948,58,0.05172413793103448,0.06896551724137931,Y,0-40%,True,No_check_possible,No_check_possible,No_check_possible,No_check_possible
1522,102562984,6,0.16666666666666666,0.16666666666666666,N,Not_Applicable(<30 pts),No_check_possible,No_check_possible,No_check_possible,No_check_possible,No_check_possible
1523,11660821,10,0.2,0.2,N,Not_Applicable(<30 pts),No_check_possible,No_check_possible,No_check_possible,No_check_possible,No_check_possible
1524,16366347,26,0.038461538461538464,0.07692307692307693,N,Not_Applicable(<30 pts),No_check_possible,No_check_possible,No_check_possible,No_check_possible,No_check_possible
1525,100144692,67,0.1044776119402985,0.13432835820895522,Y,0-40%,True,No_check_possible,No_check_possible,No_check_possible,No_check_possible
1526,11645699,34,0.23529411764705882,0.2647058823529412,Y,0-40%,True,No_check_possible,No_check_possible,No_check_possible,No_check_possible
1527,102291064,15,0.26666666666666666,0.3333333333333333,N,Not_Applicable(<30 pts),No_check_possible,No_check_possible,No_check_possible,No_check_possible,No_check_possible
1528,16622832,70,0.02857142857142857,0.02857142857142857,Y,0-40%,True,No_check_possible,No_check_possible,No_check_possible,No_check_possible
1529,100448728,61,0.04918032786885246,0.04918032786885246,Y,0-40%,True,No_check_possible,No_check_possible,No_check_possible,No_check_possible
1530,100446675,64,0.109375,0.140625,Y,0-40%,True,No_check_possible,No_check_possible,No_check_possible,No_check_possible
1531,11412021,67,0.23880597014925373,0.2835820895522388,Y,0-40%,True,No_check_possible,No_check_possible,No_check_possible,No_check_possible
1532,11526711,29,0.06896551724137931,0.06896551724137931,N,Not_Applicable(<30 pts),No_check_possible,No_check_possible,No_check_possible,No_check_possible,No_check_possible
1533,16491032,56,0.017857142857142856,0.017857142857142856,Y,0-40%,True,No_check_possible,No_check_possible,No_check_possible,No_check_possible
1534,11706407,38,0.05263157894736842,0.05263157894736842,Y,0-40%,True,No_check_possible,No_check_possible,No_check_possible,No_check_possible
1535,102291038,27,0.037037037037037035,0.18518518518518517,N,Not_Applicable(<30 pts),No_check_possible,No_check_possible,No_check_possible,No_check_possible,No_check_possible
1536,11408543,38,0.05263157894736842,0.05263157894736842,Y,0-40%,True,No_check_possible,No_check_possible,No_check_possible,No_check_possible
1537,11668873,68,0.17647058823529413,0.5588235294117647,Y,0-40%,True,No_check_possible,No_check_possible,No_check_possible,No_check_possible
1538,11695296,59,0.1016949152542373,0.4406779661016949,Y,0-40%,True,No_check_possible,No_check_possible,No_check_possible,No_check_possible
1539,42228763,64,0.0625,0.078125,Y,0-40%,True,No_check_possible,No_check_possible,No_check_possible,No_check_possible
1540,11525402,34,0.11764705882352941,0.23529411764705882,Y,0-40%,True,No_check_possible,No_check_possible,No_check_possible,No_check_possible
1541,37532794,52,0.09615384615384616,0.25,Y,0-40%,True,No_check_possible,No_check_possible,No_check_possible,No_check_possible
1542,42153743,54,0.05555555555555555,0.05555555555555555,Y,0-40%,True,No_check_possible,No_check_possible,No_check_possible,No_check_possible
1543,42222097,59,0.23728813559322035,0.3728813559322034,Y,0-40%,True,No_check_possible,No_check_possible,No_check_possible,No_check_possible
1544,100060235,12,0.25,0.25,N,Not_Applicable(<30 pts),No_check_possible,No_check_possible,No_check_possible,No_check_possible,No_check_possible
1545,11419977,69,0.14492753623188406,0.2028985507246377,Y,0-40%,True,No_check_possible,No_check_possible,No_check_possible,No_check_possible
1546,102395136,56,0.07142857142857142,0.08928571428571429,Y,0-40%,True,No_check_possible,No_check_possible,No_check_possible,No_check_possible
1547,16141992,39,0.05128205128205128,0.05128205128205128,Y,0-40%,True,No_check_possible,No_check_possible,No_check_possible,No_check_possible
1548,102331382,34,0.029411764705882353,0.029411764705882353,Y,0-40%,True,No_check_possible,No_check_possible,No_check_possible,No_check_possible
1549,11378383,68,0.029411764705882353,0.029411764705882353,Y,0-40%,True,No_check_possible,No_check_possible,No_check_possible,No_check_possible
1550,42122626,34,0.11764705882352941,0.14705882352941177,Y,0-40%,True,No_check_possible,No_check_possible,No_check_possible,No_check_possible
1551,13759686,25,0.12,0.2,N,Not_Applicable(<30 pts),No_check_possible,No_check_possible,No_check_possible,No_check_possible,No_check_possible
1552,102571764,28,0.5,1.8928571428571428,N,Not_Applicable(<30 pts),No_check_possible,No_check_possible,No_check_possible,No_check_possible,No_check_possible
1553,102349707,2,0.5,0.5,N,Not_Applicable(<30 pts),No_check_possible,No_check_possible,No_check_possible,No_check_possible,No_check_possible
1554,100064343,21,0.19047619047619047,0.23809523809523808,N,Not_Applicable(<30 pts),No_check_possible,No_check_possible,No_check_possible,No_check_possible,No_check_possible
1555,11699436,60,0.13333333333333333,0.21666666666666667,Y,0-40%,True,No_check_possible,No_check_possible,No_check_possible,No_check_possible
1556,42213023,8,0.25,0.25,N,Not_Applicable(<30 pts),No_check_possible,No_check_possible,No_check_possible,No_check_possible,No_check_possible
1557,102300250,21,0.047619047619047616,0.047619047619047616,N,Not_Applicable(<30 pts),No_check_possible,No_check_possible,No_check_possible,No_check_possible,No_check_possible
1558,102525520,32,0.0625,0.0625,Y,0-40%,True,No_check_possible,No_check_possible,No_check_possible,No_check_possible
1559,100429947,35,0.11428571428571428,0.14285714285714285,Y,0-40%,True,No_check_possible,No_check_possible,No_check_possible,No_check_possible
1560,101412390,69,0.043478260869565216,0.17391304347826086,Y,0-40%,True,No_check_possible,No_check_possible,No_check_possible,No_check_possible
1561,15727359,53,0.05660377358490566,0.05660377358490566,Y,0-40%,True,No_check_possible,No_check_possible,No_check_possible,No_check_possible
1562,11660710,58,0.06896551724137931,0.06896551724137931,Y,0-40%,True,No_check_possible,No_check_possible,No_check_possible,No_check_possible
1563,11629199,38,0.23684210526315788,0.2631578947368421,Y,0-40%,True,No_check_possible,No_check_possible,No_check_possible,No_check_possible
1564,15757857,30,0.06666666666666667,0.3,Y,0-40%,True,No_check_possible,No_check_possible,No_check_possible,No_check_possible
1565,100585251,26,0.19230769230769232,0.23076923076923078,N,Not_Applicable(<30 pts),No_check_possible,No_check_possible,No_check_possible,No_check_possible,No_check_possible
1566,12689439,60,0.11666666666666667,0.21666666666666667,Y,0-40%,True,No_check_possible,No_check_possible,No_check_possible,No_check_possible
1567,102117493,24,0.16666666666666666,0.16666666666666666,N,Not_Applicable(<30 pts),No_check_possible,No_check_possible,No_check_possible,No_check_possible,No_check_possible
1568,14336534,68,0.04411764705882353,0.23529411764705882,Y,0-40%,True,No_check_possible,No_check_possible,No_check_possible,No_check_possible
1569,11052797,58,0.13793103448275862,0.3448275862068966,Y,0-40%,True,No_check_possible,No_check_possible,No_check_possible,No_check_possible
1570,11017984,64,0.15625,0.28125,Y,0-40%,True,No_check_possible,No_check_possible,No_check_possible,No_check_possible
1571,11251499,5,0.4,0.4,N,Not_Applicable(<30 pts),No_check_possible,No_check_possible,No_check_possible,No_check_possible,No_check_possible
1572,49144166,43,0.09302325581395349,0.11627906976744186,Y,0-40%,True,No_check_possible,No_check_possible,No_check_possible,No_check_possible
1573,100757836,43,0.09302325581395349,0.11627906976744186,Y,0-40%,True,No_check_possible,No_check_possible,No_check_possible,No_check_possible
1574,11623202,5,0.4,0.4,N,Not_Applicable(<30 pts),No_check_possible,No_check_possible,No_check_possible,No_check_possible,No_check_possible
1575,15365058,65,0.1076923076923077,0.24615384615384617,Y,0-40%,True,No_check_possible,No_check_possible,No_check_possible,No_check_possible
1576,25790724,37,0.10810810810810811,0.16216216216216217,Y,0-40%,True,No_check_possible,No_check_possible,No_check_possible,No_check_possible
1577,100834458,70,0.12857142857142856,0.22857142857142856,Y,0-40%,True,No_check_possible,No_check_possible,No_check_possible,No_check_possible
1578,14124431,30,0.26666666666666666,0.7,Y,0-40%,True,No_check_possible,No_check_possible,No_check_possible,No_check_possible
1579,42216098,70,0.14285714285714285,0.3,Y,0-40%,True,No_check_possible,No_check_possible,No_check_possible,No_check_possible
1580,101935118,29,0.06896551724137931,0.06896551724137931,N,Not_Applicable(<30 pts),No_check_possible,No_check_possible,No_check_possible,No_check_possible,No_check_possible
1581,11250480,57,0.17543859649122806,0.19298245614035087,Y,0-40%,True,No_check_possible,No_check_possible,No_check_possible,No_check_possible
1582,11610290,55,0.16363636363636364,0.16363636363636364,Y,0-40%,True,No_check_possible,No_check_possible,No_check_possible,No_check_possible
1583,11397896,41,0.07317073170731707,0.07317073170731707,Y,0-40%,True,No_check_possible,No_check_possible,No_check_possible,No_check_possible
1584,42154664,26,0.15384615384615385,0.2692307692307692,N,Not_Applicable(<30 pts),No_check_possible,No_check_possible,No_check_possible,No_check_possible,No_check_possible
1585,11689618,41,0.07317073170731707,0.07317073170731707,Y,0-40%,True,No_check_possible,No_check_possible,No_check_possible,No_check_possible
1586,37458825,25,0.08,0.12,N,Not_Applicable(<30 pts),No_check_possible,No_check_possible,No_check_possible,No_check_possible,No_check_possible
1587,101499558,45,0.06666666666666667,0.06666666666666667,Y,0-40%,True,No_check_possible,No_check_possible,No_check_possible,No_check_possible
1588,11514963,27,0.07407407407407407,0.07407407407407407,N,Not_Applicable(<30 pts),No_check_possible,No_check_possible,No_check_possible,No_check_possible,No_check_possible
1589,101876429,52,0.038461538461538464,0.038461538461538464,Y,0-40%,True,No_check_possible,No_check_possible,No_check_possible,No_check_possible
1590,11675766,36,0.05555555555555555,0.05555555555555555,Y,0-40%,True,No_check_possible,No_check_possible,No_check_possible,No_check_possible
1591,11520506,65,0.13846153846153847,0.27692307692307694,Y,0-40%,True,No_check_possible,No_check_possible,No_check_possible,No_check_possible
1592,42123135,33,0.12121212121212122,0.24242424242424243,Y,0-40%,True,No_check_possible,No_check_possible,No_check_possible,No_check_possible
1593,101486976,66,0.16666666666666666,0.2878787878787879,Y,0-40%,True,No_check_possible,No_check_possible,No_check_possible,No_check_possible
1594,11708292,29,0.06896551724137931,0.20689655172413793,N,Not_Applicable(<30 pts),No_check_possible,No_check_possible,No_check_possible,No_check_possible,No_check_possible
1595,42141533,64,0.046875,0.125,Y,0-40%,True,No_check_possible,No_check_possible,No_check_possible,No_check_possible
1596,15386716,11,0.2727272727272727,0.45454545454545453,N,Not_Applicable(<30 pts),No_check_possible,No_check_possible,No_check_possible,No_check_possible,No_check_possible
1597,11265602,35,0.17142857142857143,0.2,Y,0-40%,True,No_check_possible,No_check_possible,No_check_possible,No_check_possible
1598,15713052,29,0.034482758620689655,0.034482758620689655,N,Not_Applicable(<30 pts),No_check_possible,No_check_possible,No_check_possible,No_check_possible,No_check_possible
1599,11152269,16,0.125,0.125,N,Not_Applicable(<30 pts),No_check_possible,No_check_possible,No_check_possible,No_check_possible,No_check_possible
1600,11421232,6,0.3333333333333333,0.3333333333333333,N,Not_Applicable(<30 pts),No_check_possible,No_check_possible,No_check_possible,No_check_possible,No_check_possible
1601,15727281,16,0.125,0.125,N,Not_Applicable(<30 pts),No_check_possible,No_check_possible,No_check_possible,No_check_possible,No_check_possible
1602,11060417,65,0.07692307692307693,0.09230769230769231,Y,0-40%,True,No_check_possible,No_check_possible,No_check_possible,No_check_possible
1603,11118816,65,0.046153846153846156,0.046153846153846156,Y,0-40%,True,No_check_possible,No_check_possible,No_check_possible,No_check_possible
1604,100743183,6,0.5,0.6666666666666666,N,Not_Applicable(<30 pts),No_check_possible,No_check_possible,No_check_possible,No_check_possible,No_check_possible
1605,101426590,21,0.09523809523809523,0.09523809523809523,N,Not_Applicable(<30 pts),No_check_possible,No_check_possible,No_check_possible,No_check_possible,No_check_possible
1606,102550372,55,0.23636363636363636,0.2909090909090909,Y,0-40%,True,No_check_possible,No_check_possible,No_check_possible,No_check_possible
1607,45872018,7,0.42857142857142855,0.42857142857142855,N,Not_Applicable(<30 pts),No_check_possible,No_check_possible,No_check_possible,No_check_possible,No_check_possible
1608,102386498,25,0.08,0.08,N,Not_Applicable(<30 pts),No_check_possible,No_check_possible,No_check_possible,No_check_possible,No_check_possible
1609,11058956,56,0.07142857142857142,0.07142857142857142,Y,0-40%,True,No_check_possible,No_check_possible,No_check_possible,No_check_possible
1610,101793360,58,0.1206896551724138,0.15517241379310345,Y,0-40%,True,No_check_possible,No_check_possible,No_check_possible,No_check_possible
1611,100674643,31,0.0967741935483871,0.0967741935483871,Y,0-40%,True,No_check_possible,No_check_possible,No_check_possible,No_check_possible
1612,42148003,44,0.045454545454545456,0.045454545454545456,Y,0-40%,True,No_check_possible,No_check_possible,No_check_possible,No_check_possible
1613,16145828,21,0.09523809523809523,0.09523809523809523,N,Not_Applicable(<30 pts),No_check_possible,No_check_possible,No_check_possible,No_check_possible,No_check_possible
1614,11377901,28,0.07142857142857142,0.07142857142857142,N,Not_Applicable(<30 pts),No_check_possible,No_check_possible,No_check_possible,No_check_possible,No_check_possible
1615,49051175,56,0.125,0.23214285714285715,Y,0-40%,True,No_check_possible,No_check_possible,No_check_possible,No_check_possible
1616,11285653,56,0.05357142857142857,0.07142857142857142,Y,0-40%,True,No_check_possible,No_check_possible,No_check_possible,No_check_possible
1617,11582289,63,0.06349206349206349,0.09523809523809523,Y,0-40%,True,No_check_possible,No_check_possible,No_check_possible,No_check_possible
1618,37457628,60,0.06666666666666667,0.08333333333333333,Y,0-40%,True,No_check_possible,No_check_possible,No_check_possible,No_check_possible
1619,11074250,27,0.07407407407407407,0.07407407407407407,N,Not_Applicable(<30 pts),No_check_possible,No_check_possible,No_check_possible,No_check_possible,No_check_possible
1620,100557539,52,0.038461538461538464,0.038461538461538464,Y,0-40%,True,No_check_possible,No_check_possible,No_check_possible,No_check_possible
1621,15869941,54,0.037037037037037035,0.037037037037037035,Y,0-40%,True,No_check_possible,No_check_possible,No_check_possible,No_check_possible
1622,11697911,52,0.057692307692307696,0.7884615384615384,Y,0-40%,True,No_check_possible,No_check_possible,No_check_possible,No_check_possible
1623,11350832,26,0.23076923076923078,0.23076923076923078,N,Not_Applicable(<30 pts),No_check_possible,No_check_possible,No_check_possible,No_check_possible,No_check_possible
1624,15727271,68,0.08823529411764706,0.08823529411764706,Y,0-40%,True,No_check_possible,No_check_possible,No_check_possible,No_check_possible
1625,11523029,42,0.047619047619047616,0.047619047619047616,Y,0-40%,True,No_check_possible,No_check_possible,No_check_possible,No_check_possible
1626,11247397,57,0.22807017543859648,1.1403508771929824,Y,0-40%,True,No_check_possible,No_check_possible,No_check_possible,No_check_possible
1627,42217878,7,0.14285714285714285,0.2857142857142857,N,Not_Applicable(<30 pts),No_check_possible,No_check_possible,No_check_possible,No_check_possible,No_check_possible
1628,100750256,28,0.14285714285714285,0.14285714285714285,N,Not_Applicable(<30 pts),No_check_possible,No_check_possible,No_check_possible,No_check_possible,No_check_possible
1629,101942477,21,0.047619047619047616,0.047619047619047616,N,Not_Applicable(<30 pts),No_check_possible,No_check_possible,No_check_possible,No_check_possible,No_check_possible
1630,101503418,4,0.5,0.5,N,Not_Applicable(<30 pts),No_check_possible,No_check_possible,No_check_possible,No_check_possible,No_check_possible
1631,11232491,57,0.12280701754385964,0.2631578947368421,Y,0-40%,True,No_check_possible,No_check_possible,No_check_possible,No_check_possible
1632,11175372,52,0.1346153846153846,0.15384615384615385,Y,0-40%,True,No_check_possible,No_check_possible,No_check_possible,No_check_possible
1633,14528536,58,0.15517241379310345,0.3793103448275862,Y,0-40%,True,No_check_possible,No_check_possible,No_check_possible,No_check_possible
1634,16767744,27,0.07407407407407407,0.07407407407407407,N,Not_Applicable(<30 pts),No_check_possible,No_check_possible,No_check_possible,No_check_possible,No_check_possible
1635,11437275,59,0.05084745762711865,0.05084745762711865,Y,0-40%,True,No_check_possible,No_check_possible,No_check_possible,No_check_possible
1636,11312271,58,0.10344827586206896,0.1896551724137931,Y,0-40%,True,No_check_possible,No_check_possible,No_check_possible,No_check_possible
1637,100548008,37,0.08108108108108109,0.08108108108108109,Y,0-40%,True,No_check_possible,No_check_possible,No_check_possible,No_check_possible
1638,100449265,59,0.06779661016949153,0.1016949152542373,Y,0-40%,True,No_check_possible,No_check_possible,No_check_possible,No_check_possible
1639,11608615,22,0.09090909090909091,0.13636363636363635,N,Not_Applicable(<30 pts),No_check_possible,No_check_possible,No_check_possible,No_check_possible,No_check_possible
1640,15497034,37,0.05405405405405406,0.05405405405405406,Y,0-40%,True,No_check_possible,No_check_possible,No_check_possible,No_check_possible
1641,42213002,24,0.08333333333333333,0.08333333333333333,N,Not_Applicable(<30 pts),No_check_possible,No_check_possible,No_check_possible,No_check_possible,No_check_possible
1642,49122686,54,0.05555555555555555,0.09259259259259259,Y,0-40%,True,No_check_possible,No_check_possible,No_check_possible,No_check_possible
1643,15975765,38,0.10526315789473684,0.15789473684210525,Y,0-40%,True,No_check_possible,No_check_possible,No_check_possible,No_check_possible
1644,102544284,56,0.19642857142857142,0.3392857142857143,Y,0-40%,True,No_check_possible,No_check_possible,No_check_possible,No_check_possible
1645,100597595,22,0.09090909090909091,0.09090909090909091,N,Not_Applicable(<30 pts),No_check_possible,No_check_possible,No_check_possible,No_check_possible,No_check_possible
1646,100602275,22,0.18181818181818182,0.18181818181818182,N,Not_Applicable(<30 pts),No_check_possible,No_check_possible,No_check_possible,No_check_possible,No_check_possible
1647,11825171,24,0.125,0.125,N,Not_Applicable(<30 pts),No_check_possible,No_check_possible,No_check_possible,No_check_possible,No_check_possible
1648,100009444,51,0.13725490196078433,0.13725490196078433,Y,0-40%,True,No_check_possible,No_check_possible,No_check_possible,No_check_possible
1649,100077558,57,0.05263157894736842,2.8771929824561404,Y,0-40%,True,No_check_possible,No_check_possible,No_check_possible,No_check_possible
1650,102045524,64,0.03125,0.03125,Y,0-40%,True,No_check_possible,No_check_possible,No_check_possible,No_check_possible
1651,102331106,64,0.0625,0.140625,Y,0-40%,True,No_check_possible,No_check_possible,No_check_possible,No_check_possible
1652,101487828,68,0.04411764705882353,0.04411764705882353,Y,0-40%,True,No_check_possible,No_check_possible,No_check_possible,No_check_possible
1653,11243735,59,0.1694915254237288,0.1864406779661017,Y,0-40%,True,No_check_possible,No_check_possible,No_check_possible,No_check_possible
1654,16181929,30,0.3,0.6666666666666666,Y,0-40%,False,trend-non-stationary,1,seasonal_stationary,0
1655,100481650,63,0.09523809523809523,0.09523809523809523,Y,0-40%,True,No_check_possible,No_check_possible,No_check_possible,No_check_possible
1656,11677650,62,0.2903225806451613,0.3387096774193548,Y,0-40%,True,No_check_possible,No_check_possible,No_check_possible,No_check_possible
1657,16737078,52,0.11538461538461539,0.17307692307692307,Y,0-40%,False,trend-non-stationary,1,seasonal_stationary,0
1658,15371187,65,0.24615384615384617,0.6153846153846154,Y,0-40%,True,No_check_possible,No_check_possible,No_check_possible,No_check_possible
1659,15726565,67,0.029850746268656716,0.029850746268656716,Y,0-40%,True,No_check_possible,No_check_possible,No_check_possible,No_check_possible
1660,15735747,56,0.03571428571428571,0.03571428571428571,Y,0-40%,True,No_check_possible,No_check_possible,No_check_possible,No_check_possible
1661,15728317,69,0.10144927536231885,0.11594202898550725,Y,0-40%,True,No_check_possible,No_check_possible,No_check_possible,No_check_possible
1662,15733305,56,0.03571428571428571,0.03571428571428571,Y,0-40%,True,No_check_possible,No_check_possible,No_check_possible,No_check_possible
1663,42204255,69,0.10144927536231885,0.14492753623188406,Y,0-40%,True,No_check_possible,No_check_possible,No_check_possible,No_check_possible
1664,42153265,40,0.075,0.075,Y,0-40%,True,No_check_possible,No_check_possible,No_check_possible,No_check_possible
1665,42204357,32,0.125,0.125,Y,0-40%,True,No_check_possible,No_check_possible,No_check_possible,No_check_possible
1666,42219709,30,0.06666666666666667,0.06666666666666667,Y,0-40%,True,No_check_possible,No_check_possible,No_check_possible,No_check_possible
1667,100734364,30,0.03333333333333333,0.03333333333333333,Y,0-40%,True,No_check_possible,No_check_possible,No_check_possible,No_check_possible
1668,102060210,53,0.03773584905660377,0.05660377358490566,Y,0-40%,True,No_check_possible,No_check_possible,No_check_possible,No_check_possible
1669,100484712,32,0.125,0.25,Y,0-40%,True,No_check_possible,No_check_possible,No_check_possible,No_check_possible
1670,101909752,64,0.03125,0.03125,Y,0-40%,True,No_check_possible,No_check_possible,No_check_possible,No_check_possible
1671,11703099,68,0.029411764705882353,0.029411764705882353,Y,0-40%,True,No_check_possible,No_check_possible,No_check_possible,No_check_possible
1672,16354811,4,0.5,0.5,N,Not_Applicable(<30 pts),No_check_possible,No_check_possible,No_check_possible,No_check_possible,No_check_possible
1673,42124039,63,0.047619047619047616,0.047619047619047616,Y,0-40%,True,No_check_possible,No_check_possible,No_check_possible,No_check_possible
1674,37458124,44,0.06818181818181818,0.09090909090909091,Y,0-40%,True,No_check_possible,No_check_possible,No_check_possible,No_check_possible
1675,101800402,27,0.07407407407407407,0.07407407407407407,N,Not_Applicable(<30 pts),No_check_possible,No_check_possible,No_check_possible,No_check_possible,No_check_possible
1676,16181404,4,0.5,0.5,N,Not_Applicable(<30 pts),No_check_possible,No_check_possible,No_check_possible,No_check_possible,No_check_possible
1677,16181354,61,0.08196721311475409,0.16393442622950818,Y,0-40%,True,No_check_possible,No_check_possible,No_check_possible,No_check_possible
1678,12920828,10,0.2,0.2,N,Not_Applicable(<30 pts),No_check_possible,No_check_possible,No_check_possible,No_check_possible,No_check_possible
1679,16608945,31,0.12903225806451613,0.22580645161290322,Y,0-40%,True,No_check_possible,No_check_possible,No_check_possible,No_check_possible
1680,11523499,37,0.10810810810810811,0.10810810810810811,Y,0-40%,True,No_check_possible,No_check_possible,No_check_possible,No_check_possible
1681,15727231,59,0.1016949152542373,0.13559322033898305,Y,0-40%,True,No_check_possible,No_check_possible,No_check_possible,No_check_possible
1682,15725895,67,0.04477611940298507,0.04477611940298507,Y,0-40%,True,No_check_possible,No_check_possible,No_check_possible,No_check_possible
1683,37457825,62,0.1774193548387097,0.25806451612903225,Y,0-40%,True,No_check_possible,No_check_possible,No_check_possible,No_check_possible
1684,42210124,39,0.05128205128205128,0.05128205128205128,Y,0-40%,True,No_check_possible,No_check_possible,No_check_possible,No_check_possible
1685,100095293,55,0.16363636363636364,0.23636363636363636,Y,0-40%,True,No_check_possible,No_check_possible,No_check_possible,No_check_possible
1686,100147606,4,0.5,0.5,N,Not_Applicable(<30 pts),No_check_possible,No_check_possible,No_check_possible,No_check_possible,No_check_possible
1687,42147770,35,0.05714285714285714,0.14285714285714285,Y,0-40%,True,No_check_possible,No_check_possible,No_check_possible,No_check_possible
1688,102566056,51,0.11764705882352941,0.11764705882352941,Y,0-40%,True,No_check_possible,No_check_possible,No_check_possible,No_check_possible
1689,15726081,67,0.029850746268656716,0.029850746268656716,Y,0-40%,True,No_check_possible,No_check_possible,No_check_possible,No_check_possible
1690,49051189,44,0.09090909090909091,0.18181818181818182,Y,0-40%,True,No_check_possible,No_check_possible,No_check_possible,No_check_possible
1691,102117116,6,0.3333333333333333,0.5,N,Not_Applicable(<30 pts),No_check_possible,No_check_possible,No_check_possible,No_check_possible,No_check_possible
1692,100462345,3,0.6666666666666666,0.6666666666666666,N,Not_Applicable(<30 pts),No_check_possible,No_check_possible,No_check_possible,No_check_possible,No_check_possible
1693,101839746,62,0.06451612903225806,0.0967741935483871,Y,0-40%,True,No_check_possible,No_check_possible,No_check_possible,No_check_possible
1694,11400192,41,0.07317073170731707,0.07317073170731707,Y,0-40%,True,No_check_possible,No_check_possible,No_check_possible,No_check_possible
1695,101837763,4,0.5,0.5,N,Not_Applicable(<30 pts),No_check_possible,No_check_possible,No_check_possible,No_check_possible,No_check_possible
1696,42136254,60,0.1,0.11666666666666667,Y,0-40%,True,No_check_possible,No_check_possible,No_check_possible,No_check_possible
1697,11289029,58,0.08620689655172414,0.29310344827586204,Y,0-40%,False,trend-non-stationary,1,seasonal_stationary,0
1698,11670354,26,0.038461538461538464,0.038461538461538464,N,Not_Applicable(<30 pts),No_check_possible,No_check_possible,No_check_possible,No_check_possible,No_check_possible
1699,14188826,39,0.05128205128205128,0.05128205128205128,Y,0-40%,True,No_check_possible,No_check_possible,No_check_possible,No_check_possible
1700,37457232,25,0.08,0.08,N,Not_Applicable(<30 pts),No_check_possible,No_check_possible,No_check_possible,No_check_possible,No_check_possible
1701,11266886,65,0.07692307692307693,0.07692307692307693,Y,0-40%,True,No_check_possible,No_check_possible,No_check_possible,No_check_possible
1702,16219087,63,0.015873015873015872,0.015873015873015872,Y,0-40%,True,No_check_possible,No_check_possible,No_check_possible,No_check_possible
1703,11704546,51,0.0392156862745098,0.0392156862745098,Y,0-40%,True,No_check_possible,No_check_possible,No_check_possible,No_check_possible
1704,42254221,37,0.05405405405405406,0.05405405405405406,Y,0-40%,True,No_check_possible,No_check_possible,No_check_possible,No_check_possible
1705,15728427,22,0.09090909090909091,0.09090909090909091,N,Not_Applicable(<30 pts),No_check_possible,No_check_possible,No_check_possible,No_check_possible,No_check_possible
1706,15726651,11,0.18181818181818182,0.18181818181818182,N,Not_Applicable(<30 pts),No_check_possible,No_check_possible,No_check_possible,No_check_possible,No_check_possible
1707,15735445,51,0.0392156862745098,0.0392156862745098,Y,0-40%,True,No_check_possible,No_check_possible,No_check_possible,No_check_possible
1708,15736227,58,0.06896551724137931,0.06896551724137931,Y,0-40%,True,No_check_possible,No_check_possible,No_check_possible,No_check_possible
1709,15728157,51,0.0392156862745098,0.0392156862745098,Y,0-40%,True,No_check_possible,No_check_possible,No_check_possible,No_check_possible
1710,16468608,59,0.13559322033898305,0.3559322033898305,Y,0-40%,True,No_check_possible,No_check_possible,No_check_possible,No_check_possible
1711,15728019,51,0.058823529411764705,0.058823529411764705,Y,0-40%,True,No_check_possible,No_check_possible,No_check_possible,No_check_possible
1712,15736387,51,0.0784313725490196,0.09803921568627451,Y,0-40%,True,No_check_possible,No_check_possible,No_check_possible,No_check_possible
1713,11202609,55,0.09090909090909091,0.12727272727272726,Y,0-40%,True,No_check_possible,No_check_possible,No_check_possible,No_check_possible
1714,100366880,4,0.25,0.25,N,Not_Applicable(<30 pts),No_check_possible,No_check_possible,No_check_possible,No_check_possible,No_check_possible
1715,100835039,4,0.25,0.5,N,Not_Applicable(<30 pts),No_check_possible,No_check_possible,No_check_possible,No_check_possible,No_check_possible
1716,100272483,31,0.0967741935483871,0.0967741935483871,Y,0-40%,True,No_check_possible,No_check_possible,No_check_possible,No_check_possible
1717,37457951,27,0.07407407407407407,0.1111111111111111,N,Not_Applicable(<30 pts),No_check_possible,No_check_possible,No_check_possible,No_check_possible,No_check_possible
1718,11615897,21,0.047619047619047616,0.047619047619047616,N,Not_Applicable(<30 pts),No_check_possible,No_check_possible,No_check_possible,No_check_possible,No_check_possible
1719,42223299,53,0.03773584905660377,0.03773584905660377,Y,0-40%,True,No_check_possible,No_check_possible,No_check_possible,No_check_possible
1720,11655468,13,0.15384615384615385,0.15384615384615385,N,Not_Applicable(<30 pts),No_check_possible,No_check_possible,No_check_possible,No_check_possible,No_check_possible
1721,49085856,5,0.2,0.2,N,Not_Applicable(<30 pts),No_check_possible,No_check_possible,No_check_possible,No_check_possible,No_check_possible
1722,42266493,66,0.15151515151515152,0.3333333333333333,Y,0-40%,True,No_check_possible,No_check_possible,No_check_possible,No_check_possible
1723,16970042,59,0.0847457627118644,0.4915254237288136,Y,0-40%,True,No_check_possible,No_check_possible,No_check_possible,No_check_possible
1724,16302415,63,0.3968253968253968,2.6666666666666665,Y,0-40%,True,No_check_possible,No_check_possible,No_check_possible,No_check_possible
1725,16343244,50,0.06,0.1,Y,0-40%,True,No_check_possible,No_check_possible,No_check_possible,No_check_possible
1726,101799060,68,0.04411764705882353,0.04411764705882353,Y,0-40%,True,No_check_possible,No_check_possible,No_check_possible,No_check_possible
1727,11240180,55,0.14545454545454545,2.8181818181818183,Y,0-40%,True,No_check_possible,No_check_possible,No_check_possible,No_check_possible
1728,11708241,61,0.08196721311475409,0.16393442622950818,Y,0-40%,True,No_check_possible,No_check_possible,No_check_possible,No_check_possible
1729,11523719,57,0.12280701754385964,0.3157894736842105,Y,0-40%,True,No_check_possible,No_check_possible,No_check_possible,No_check_possible
1730,16922530,61,0.04918032786885246,0.04918032786885246,Y,0-40%,True,No_check_possible,No_check_possible,No_check_possible,No_check_possible
1731,100150161,31,0.12903225806451613,0.1935483870967742,Y,0-40%,True,No_check_possible,No_check_possible,No_check_possible,No_check_possible
1732,100371513,53,0.05660377358490566,0.09433962264150944,Y,0-40%,True,No_check_possible,No_check_possible,No_check_possible,No_check_possible
1733,100851437,13,0.15384615384615385,0.15384615384615385,N,Not_Applicable(<30 pts),No_check_possible,No_check_possible,No_check_possible,No_check_possible,No_check_possible
1734,11712309,52,0.09615384615384616,0.15384615384615385,Y,0-40%,True,No_check_possible,No_check_possible,No_check_possible,No_check_possible
1735,42149247,57,0.03508771929824561,0.03508771929824561,Y,0-40%,True,No_check_possible,No_check_possible,No_check_possible,No_check_possible
1736,100269759,69,0.11594202898550725,0.2028985507246377,Y,0-40%,True,No_check_possible,No_check_possible,No_check_possible,No_check_possible
1737,101825221,54,0.037037037037037035,0.05555555555555555,Y,0-40%,True,No_check_possible,No_check_possible,No_check_possible,No_check_possible
1738,102118358,8,0.375,0.5,N,Not_Applicable(<30 pts),No_check_possible,No_check_possible,No_check_possible,No_check_possible,No_check_possible
1739,15701362,30,0.13333333333333333,0.3,Y,0-40%,True,No_check_possible,No_check_possible,No_check_possible,No_check_possible
1740,100121171,43,0.11627906976744186,0.13953488372093023,Y,0-40%,True,No_check_possible,No_check_possible,No_check_possible,No_check_possible
1741,18264902,58,0.06896551724137931,1.8448275862068966,Y,0-40%,True,No_check_possible,No_check_possible,No_check_possible,No_check_possible
1742,42076855,30,0.2,0.5,Y,0-40%,True,No_check_possible,No_check_possible,No_check_possible,No_check_possible
1743,15960163,67,0.40298507462686567,2.2388059701492535,Y,40-70%,True,No_check_possible,No_check_possible,No_check_possible,No_check_possible
1744,102117497,13,0.15384615384615385,0.15384615384615385,N,Not_Applicable(<30 pts),No_check_possible,No_check_possible,No_check_possible,No_check_possible,No_check_possible
1745,100567157,65,0.046153846153846156,0.046153846153846156,Y,0-40%,True,No_check_possible,No_check_possible,No_check_possible,No_check_possible
1746,11059554,68,0.029411764705882353,0.029411764705882353,Y,0-40%,True,No_check_possible,No_check_possible,No_check_possible,No_check_possible
1747,13817880,56,0.03571428571428571,0.03571428571428571,Y,0-40%,True,No_check_possible,No_check_possible,No_check_possible,No_check_possible
1748,15760297,30,0.13333333333333333,0.13333333333333333,Y,0-40%,True,No_check_possible,No_check_possible,No_check_possible,No_check_possible
1749,100156698,59,0.0847457627118644,0.15254237288135594,Y,0-40%,True,No_check_possible,No_check_possible,No_check_possible,No_check_possible
1750,11662172,22,0.09090909090909091,0.13636363636363635,N,Not_Applicable(<30 pts),No_check_possible,No_check_possible,No_check_possible,No_check_possible,No_check_possible
1751,11648023,8,0.25,2.375,N,Not_Applicable(<30 pts),No_check_possible,No_check_possible,No_check_possible,No_check_possible,No_check_possible
1752,11200400,59,0.288135593220339,3.0677966101694913,Y,0-40%,True,No_check_possible,No_check_possible,No_check_possible,No_check_possible
1753,11082985,26,0.07692307692307693,0.07692307692307693,N,Not_Applicable(<30 pts),No_check_possible,No_check_possible,No_check_possible,No_check_possible,No_check_possible
1754,102140150,22,0.13636363636363635,0.18181818181818182,N,Not_Applicable(<30 pts),No_check_possible,No_check_possible,No_check_possible,No_check_possible,No_check_possible
1755,11705954,43,0.046511627906976744,0.3953488372093023,Y,0-40%,True,No_check_possible,No_check_possible,No_check_possible,No_check_possible
1756,11692436,23,0.13043478260869565,0.13043478260869565,N,Not_Applicable(<30 pts),No_check_possible,No_check_possible,No_check_possible,No_check_possible,No_check_possible
1757,102099277,49,0.20408163265306123,0.2653061224489796,Y,0-40%,True,No_check_possible,No_check_possible,No_check_possible,No_check_possible
1758,16452396,54,0.18518518518518517,2.888888888888889,Y,0-40%,True,No_check_possible,No_check_possible,No_check_possible,No_check_possible
1759,42146660,19,0.15789473684210525,0.15789473684210525,N,Not_Applicable(<30 pts),No_check_possible,No_check_possible,No_check_possible,No_check_possible,No_check_possible
1760,11506497,12,0.16666666666666666,0.16666666666666666,N,Not_Applicable(<30 pts),No_check_possible,No_check_possible,No_check_possible,No_check_possible,No_check_possible
1761,11669778,58,0.08620689655172414,0.08620689655172414,Y,0-40%,True,No_check_possible,No_check_possible,No_check_possible,No_check_possible
1762,100767878,53,0.05660377358490566,1.3773584905660377,Y,0-40%,True,No_check_possible,No_check_possible,No_check_possible,No_check_possible
1763,102045529,20,0.05,0.05,N,Not_Applicable(<30 pts),No_check_possible,No_check_possible,No_check_possible,No_check_possible,No_check_possible
1764,100579884,67,0.014925373134328358,0.014925373134328358,Y,0-40%,True,No_check_possible,No_check_possible,No_check_possible,No_check_possible
1765,102112588,36,0.1111111111111111,0.1388888888888889,Y,0-40%,True,No_check_possible,No_check_possible,No_check_possible,No_check_possible
1766,102331508,55,0.12727272727272726,0.2,Y,0-40%,False,trend-non-stationary,1,seasonal_stationary,0
1767,11660473,67,0.04477611940298507,0.07462686567164178,Y,0-40%,True,No_check_possible,No_check_possible,No_check_possible,No_check_possible
1768,18286530,31,0.1935483870967742,0.1935483870967742,Y,0-40%,True,No_check_possible,No_check_possible,No_check_possible,No_check_possible
1769,18305637,6,0.5,0.5,N,Not_Applicable(<30 pts),No_check_possible,No_check_possible,No_check_possible,No_check_possible,No_check_possible
1770,12437924,68,0.29411764705882354,0.75,Y,0-40%,True,No_check_possible,No_check_possible,No_check_possible,No_check_possible
1771,420394,32,0.15625,0.15625,Y,0-40%,True,No_check_possible,No_check_possible,No_check_possible,No_check_possible
1772,11573538,19,0.21052631578947367,0.21052631578947367,N,Not_Applicable(<30 pts),No_check_possible,No_check_possible,No_check_possible,No_check_possible,No_check_possible
1773,102176428,60,0.15,0.21666666666666667,Y,0-40%,True,No_check_possible,No_check_possible,No_check_possible,No_check_possible
1774,100005696,59,0.22033898305084745,0.3559322033898305,Y,0-40%,True,No_check_possible,No_check_possible,No_check_possible,No_check_possible
1775,11655601,5,0.4,0.4,N,Not_Applicable(<30 pts),No_check_possible,No_check_possible,No_check_possible,No_check_possible,No_check_possible
1776,16015035,26,0.038461538461538464,0.038461538461538464,N,Not_Applicable(<30 pts),No_check_possible,No_check_possible,No_check_possible,No_check_possible,No_check_possible
1777,42211265,59,0.1694915254237288,0.5254237288135594,Y,0-40%,True,No_check_possible,No_check_possible,No_check_possible,No_check_possible
1778,100064291,24,0.2916666666666667,0.4166666666666667,N,Not_Applicable(<30 pts),No_check_possible,No_check_possible,No_check_possible,No_check_possible,No_check_possible
1779,42206203,61,0.09836065573770492,0.16393442622950818,Y,0-40%,True,No_check_possible,No_check_possible,No_check_possible,No_check_possible
1780,15164183,40,0.075,0.075,Y,0-40%,True,No_check_possible,No_check_possible,No_check_possible,No_check_possible
1781,11655479,63,0.1111111111111111,0.14285714285714285,Y,0-40%,True,No_check_possible,No_check_possible,No_check_possible,No_check_possible
1782,11042274,31,0.2903225806451613,0.2903225806451613,Y,0-40%,True,No_check_possible,No_check_possible,No_check_possible,No_check_possible
1783,101499414,15,0.13333333333333333,2.3333333333333335,N,Not_Applicable(<30 pts),No_check_possible,No_check_possible,No_check_possible,No_check_possible,No_check_possible
1784,42156400,52,0.038461538461538464,0.038461538461538464,Y,0-40%,True,No_check_possible,No_check_possible,No_check_possible,No_check_possible
1785,11069435,60,0.05,0.08333333333333333,Y,0-40%,True,No_check_possible,No_check_possible,No_check_possible,No_check_possible
1786,15732781,58,0.034482758620689655,0.05172413793103448,Y,0-40%,True,No_check_possible,No_check_possible,No_check_possible,No_check_possible
1787,42150342,50,0.08,0.1,Y,0-40%,True,No_check_possible,No_check_possible,No_check_possible,No_check_possible
1788,101837625,14,0.21428571428571427,0.21428571428571427,N,Not_Applicable(<30 pts),No_check_possible,No_check_possible,No_check_possible,No_check_possible,No_check_possible
1789,100083663,55,0.03636363636363636,0.07272727272727272,Y,0-40%,True,No_check_possible,No_check_possible,No_check_possible,No_check_possible
1790,16608869,25,0.08,0.08,N,Not_Applicable(<30 pts),No_check_possible,No_check_possible,No_check_possible,No_check_possible,No_check_possible
1791,100512152,13,0.07692307692307693,0.07692307692307693,N,Not_Applicable(<30 pts),No_check_possible,No_check_possible,No_check_possible,No_check_possible,No_check_possible
1792,34329952,4,0.5,0.75,N,Not_Applicable(<30 pts),No_check_possible,No_check_possible,No_check_possible,No_check_possible,No_check_possible
1793,101426649,17,0.11764705882352941,0.11764705882352941,N,Not_Applicable(<30 pts),No_check_possible,No_check_possible,No_check_possible,No_check_possible,No_check_possible
1794,42153569,63,0.19047619047619047,0.38095238095238093,Y,0-40%,True,No_check_possible,No_check_possible,No_check_possible,No_check_possible
1795,100462506,43,0.06976744186046512,0.06976744186046512,Y,0-40%,True,No_check_possible,No_check_possible,No_check_possible,No_check_possible
1796,100735216,55,0.09090909090909091,0.10909090909090909,Y,0-40%,True,No_check_possible,No_check_possible,No_check_possible,No_check_possible
1797,37458481,54,0.09259259259259259,0.14814814814814814,Y,0-40%,True,No_check_possible,No_check_possible,No_check_possible,No_check_possible
1798,102075753,52,0.057692307692307696,0.07692307692307693,Y,0-40%,True,No_check_possible,No_check_possible,No_check_possible,No_check_possible
1799,100556045,11,0.2727272727272727,0.2727272727272727,N,Not_Applicable(<30 pts),No_check_possible,No_check_possible,No_check_possible,No_check_possible,No_check_possible
1800,100462544,42,0.07142857142857142,0.09523809523809523,Y,0-40%,True,No_check_possible,No_check_possible,No_check_possible,No_check_possible
1801,100481510,30,0.06666666666666667,0.06666666666666667,Y,0-40%,True,No_check_possible,No_check_possible,No_check_possible,No_check_possible
1802,11499594,30,0.06666666666666667,0.06666666666666667,Y,0-40%,True,No_check_possible,No_check_possible,No_check_possible,No_check_possible
1803,41987359,49,0.04081632653061224,0.04081632653061224,Y,0-40%,True,No_check_possible,No_check_possible,No_check_possible,No_check_possible
1804,11380192,25,0.08,0.08,N,Not_Applicable(<30 pts),No_check_possible,No_check_possible,No_check_possible,No_check_possible,No_check_possible
1805,13861487,4,0.5,0.75,N,Not_Applicable(<30 pts),No_check_possible,No_check_possible,No_check_possible,No_check_possible,No_check_possible
1806,16608928,24,0.08333333333333333,0.08333333333333333,N,Not_Applicable(<30 pts),No_check_possible,No_check_possible,No_check_possible,No_check_possible,No_check_possible
1807,42227212,56,0.125,0.14285714285714285,Y,0-40%,True,No_check_possible,No_check_possible,No_check_possible,No_check_possible
1808,101892799,22,0.3181818181818182,0.7272727272727273,N,Not_Applicable(<30 pts),No_check_possible,No_check_possible,No_check_possible,No_check_possible,No_check_possible
1809,100061149,20,0.2,0.2,N,Not_Applicable(<30 pts),No_check_possible,No_check_possible,No_check_possible,No_check_possible,No_check_possible
1810,11022048,58,0.08620689655172414,0.3103448275862069,Y,0-40%,True,No_check_possible,No_check_possible,No_check_possible,No_check_possible
1811,11203363,61,0.14754098360655737,0.7049180327868853,Y,0-40%,True,No_check_possible,No_check_possible,No_check_possible,No_check_possible
1812,102152001,3,0.6666666666666666,0.6666666666666666,N,Not_Applicable(<30 pts),No_check_possible,No_check_possible,No_check_possible,No_check_possible,No_check_possible
1813,15957356,55,0.07272727272727272,0.10909090909090909,Y,0-40%,True,No_check_possible,No_check_possible,No_check_possible,No_check_possible
1814,42204839,35,0.14285714285714285,0.37142857142857144,Y,0-40%,True,No_check_possible,No_check_possible,No_check_possible,No_check_possible
1815,101942459,6,0.3333333333333333,0.5,N,Not_Applicable(<30 pts),No_check_possible,No_check_possible,No_check_possible,No_check_possible,No_check_possible
1816,15771839,58,0.05172413793103448,0.05172413793103448,Y,0-40%,True,No_check_possible,No_check_possible,No_check_possible,No_check_possible
1817,100674723,58,0.05172413793103448,0.05172413793103448,Y,0-40%,True,No_check_possible,No_check_possible,No_check_possible,No_check_possible
1818,16630703,34,0.058823529411764705,0.058823529411764705,Y,0-40%,True,No_check_possible,No_check_possible,No_check_possible,No_check_possible
1819,11413263,35,0.05714285714285714,0.05714285714285714,Y,0-40%,True,No_check_possible,No_check_possible,No_check_possible,No_check_possible
1820,102095261,58,0.034482758620689655,0.034482758620689655,Y,0-40%,True,No_check_possible,No_check_possible,No_check_possible,No_check_possible
1821,16922467,67,0.13432835820895522,0.5223880597014925,Y,0-40%,True,No_check_possible,No_check_possible,No_check_possible,No_check_possible
1822,101858191,33,0.06060606060606061,0.06060606060606061,Y,0-40%,True,No_check_possible,No_check_possible,No_check_possible,No_check_possible
1823,15782561,68,0.14705882352941177,0.9558823529411765,Y,0-40%,True,No_check_possible,No_check_possible,No_check_possible,No_check_possible
1824,28881211,41,0.04878048780487805,0.14634146341463414,Y,0-40%,True,No_check_possible,No_check_possible,No_check_possible,No_check_possible
1825,15727877,62,0.08064516129032258,0.0967741935483871,Y,0-40%,True,No_check_possible,No_check_possible,No_check_possible,No_check_possible
1826,13479074,15,0.13333333333333333,0.13333333333333333,N,Not_Applicable(<30 pts),No_check_possible,No_check_possible,No_check_possible,No_check_possible,No_check_possible
1827,42227204,13,0.15384615384615385,0.23076923076923078,N,Not_Applicable(<30 pts),No_check_possible,No_check_possible,No_check_possible,No_check_possible,No_check_possible
1828,37459115,54,0.018518518518518517,0.018518518518518517,Y,0-40%,True,No_check_possible,No_check_possible,No_check_possible,No_check_possible
1829,42146551,39,0.02564102564102564,0.02564102564102564,Y,0-40%,True,No_check_possible,No_check_possible,No_check_possible,No_check_possible
1830,11645688,63,0.047619047619047616,0.047619047619047616,Y,0-40%,True,No_check_possible,No_check_possible,No_check_possible,No_check_possible
1831,101807938,50,0.06,0.06,Y,0-40%,True,No_check_possible,No_check_possible,No_check_possible,No_check_possible
1832,100596947,42,0.19047619047619047,0.3333333333333333,Y,0-40%,False,trend-non-stationary,1,seasonal_stationary,0
1833,100631041,64,0.078125,0.125,Y,0-40%,True,No_check_possible,No_check_possible,No_check_possible,No_check_possible
1834,100402406,61,0.03278688524590164,0.03278688524590164,Y,0-40%,True,No_check_possible,No_check_possible,No_check_possible,No_check_possible
1835,12466295,64,0.0625,0.078125,Y,0-40%,True,No_check_possible,No_check_possible,No_check_possible,No_check_possible
1836,100467946,31,0.4838709677419355,1.2903225806451613,Y,40-70%,True,No_check_possible,No_check_possible,No_check_possible,No_check_possible
1837,11694363,25,0.08,0.08,N,Not_Applicable(<30 pts),No_check_possible,No_check_possible,No_check_possible,No_check_possible,No_check_possible
1838,42228417,27,0.07407407407407407,0.07407407407407407,N,Not_Applicable(<30 pts),No_check_possible,No_check_possible,No_check_possible,No_check_possible,No_check_possible
1839,101871466,50,0.12,0.16,Y,0-40%,True,No_check_possible,No_check_possible,No_check_possible,No_check_possible
1840,11649753,5,0.4,0.4,N,Not_Applicable(<30 pts),No_check_possible,No_check_possible,No_check_possible,No_check_possible,No_check_possible
1841,11545719,53,0.05660377358490566,1.4339622641509433,Y,0-40%,True,No_check_possible,No_check_possible,No_check_possible,No_check_possible
1842,37459122,13,0.15384615384615385,0.15384615384615385,N,Not_Applicable(<30 pts),No_check_possible,No_check_possible,No_check_possible,No_check_possible,No_check_possible
1843,100579770,58,0.13793103448275862,0.3448275862068966,Y,0-40%,True,No_check_possible,No_check_possible,No_check_possible,No_check_possible
1844,16551228,25,0.08,0.12,N,Not_Applicable(<30 pts),No_check_possible,No_check_possible,No_check_possible,No_check_possible,No_check_possible
1845,37458289,59,0.05084745762711865,0.13559322033898305,Y,0-40%,True,No_check_possible,No_check_possible,No_check_possible,No_check_possible
1846,100612112,55,0.23636363636363636,1.490909090909091,Y,0-40%,True,No_check_possible,No_check_possible,No_check_possible,No_check_possible
1847,16366529,5,0.4,0.8,N,Not_Applicable(<30 pts),No_check_possible,No_check_possible,No_check_possible,No_check_possible,No_check_possible
1848,49100688,65,0.046153846153846156,0.1076923076923077,Y,0-40%,True,No_check_possible,No_check_possible,No_check_possible,No_check_possible
1849,100005766,67,0.11940298507462686,0.22388059701492538,Y,0-40%,True,No_check_possible,No_check_possible,No_check_possible,No_check_possible
1850,102059557,58,0.1724137931034483,0.2413793103448276,Y,0-40%,True,No_check_possible,No_check_possible,No_check_possible,No_check_possible
1851,100835041,3,0.3333333333333333,0.6666666666666666,N,Not_Applicable(<30 pts),No_check_possible,No_check_possible,No_check_possible,No_check_possible,No_check_possible
1852,16015309,61,0.06557377049180328,0.08196721311475409,Y,0-40%,True,No_check_possible,No_check_possible,No_check_possible,No_check_possible
1853,15570817,24,0.08333333333333333,2.5416666666666665,N,Not_Applicable(<30 pts),No_check_possible,No_check_possible,No_check_possible,No_check_possible,No_check_possible
1854,42219338,12,0.16666666666666666,0.16666666666666666,N,Not_Applicable(<30 pts),No_check_possible,No_check_possible,No_check_possible,No_check_possible,No_check_possible
1855,102308715,63,0.1746031746031746,0.47619047619047616,Y,0-40%,True,No_check_possible,No_check_possible,No_check_possible,No_check_possible
1856,101853585,61,0.06557377049180328,0.09836065573770492,Y,0-40%,True,No_check_possible,No_check_possible,No_check_possible,No_check_possible
1857,102386742,23,0.17391304347826086,0.2608695652173913,N,Not_Applicable(<30 pts),No_check_possible,No_check_possible,No_check_possible,No_check_possible,No_check_possible
1858,102571770,14,0.2857142857142857,0.42857142857142855,N,Not_Applicable(<30 pts),No_check_possible,No_check_possible,No_check_possible,No_check_possible,No_check_possible
1859,101820854,41,0.0975609756097561,0.12195121951219512,Y,0-40%,True,No_check_possible,No_check_possible,No_check_possible,No_check_possible
1860,101858301,31,0.12903225806451613,0.2903225806451613,Y,0-40%,True,No_check_possible,No_check_possible,No_check_possible,No_check_possible
1861,42307715,33,0.09090909090909091,0.15151515151515152,Y,0-40%,True,No_check_possible,No_check_possible,No_check_possible,No_check_possible
1862,101837523,63,0.06349206349206349,0.09523809523809523,Y,0-40%,True,No_check_possible,No_check_possible,No_check_possible,No_check_possible
1863,100764337,14,0.14285714285714285,0.14285714285714285,N,Not_Applicable(<30 pts),No_check_possible,No_check_possible,No_check_possible,No_check_possible,No_check_possible
1864,42249307,27,0.07407407407407407,0.07407407407407407,N,Not_Applicable(<30 pts),No_check_possible,No_check_possible,No_check_possible,No_check_possible,No_check_possible
1865,11382853,55,0.03636363636363636,0.09090909090909091,Y,0-40%,True,No_check_possible,No_check_possible,No_check_possible,No_check_possible
1866,49049132,56,0.03571428571428571,0.03571428571428571,Y,0-40%,True,No_check_possible,No_check_possible,No_check_possible,No_check_possible
1867,11681276,13,0.15384615384615385,0.15384615384615385,N,Not_Applicable(<30 pts),No_check_possible,No_check_possible,No_check_possible,No_check_possible,No_check_possible
1868,100123733,15,0.13333333333333333,0.13333333333333333,N,Not_Applicable(<30 pts),No_check_possible,No_check_possible,No_check_possible,No_check_possible,No_check_possible
1869,15257903,7,0.2857142857142857,0.2857142857142857,N,Not_Applicable(<30 pts),No_check_possible,No_check_possible,No_check_possible,No_check_possible,No_check_possible
1870,41987240,61,0.03278688524590164,0.03278688524590164,Y,0-40%,True,No_check_possible,No_check_possible,No_check_possible,No_check_possible
1871,42299374,23,0.21739130434782608,0.34782608695652173,N,Not_Applicable(<30 pts),No_check_possible,No_check_possible,No_check_possible,No_check_possible,No_check_possible
1872,42156404,41,0.07317073170731707,0.07317073170731707,Y,0-40%,True,No_check_possible,No_check_possible,No_check_possible,No_check_possible
1873,100840676,5,0.6,0.6,N,Not_Applicable(<30 pts),No_check_possible,No_check_possible,No_check_possible,No_check_possible,No_check_possible
1874,101800342,22,0.09090909090909091,0.09090909090909091,N,Not_Applicable(<30 pts),No_check_possible,No_check_possible,No_check_possible,No_check_possible,No_check_possible
1875,100834933,13,0.07692307692307693,0.07692307692307693,N,Not_Applicable(<30 pts),No_check_possible,No_check_possible,No_check_possible,No_check_possible,No_check_possible
1876,16452395,39,0.05128205128205128,0.07692307692307693,Y,0-40%,True,No_check_possible,No_check_possible,No_check_possible,No_check_possible
1877,16597574,51,0.13725490196078433,0.5294117647058824,Y,0-40%,True,No_check_possible,No_check_possible,No_check_possible,No_check_possible
1878,16471411,61,0.03278688524590164,0.04918032786885246,Y,0-40%,True,No_check_possible,No_check_possible,No_check_possible,No_check_possible
1879,15735475,5,0.4,0.4,N,Not_Applicable(<30 pts),No_check_possible,No_check_possible,No_check_possible,No_check_possible,No_check_possible
1880,100449257,56,0.19642857142857142,0.39285714285714285,Y,0-40%,True,No_check_possible,No_check_possible,No_check_possible,No_check_possible
1881,11385281,64,0.1875,0.21875,Y,0-40%,True,No_check_possible,No_check_possible,No_check_possible,No_check_possible
1882,100596941,67,0.04477611940298507,0.04477611940298507,Y,0-40%,True,No_check_possible,No_check_possible,No_check_possible,No_check_possible
1883,37533406,24,0.125,0.4166666666666667,N,Not_Applicable(<30 pts),No_check_possible,No_check_possible,No_check_possible,No_check_possible,No_check_possible
1884,100230735,37,0.02702702702702703,0.02702702702702703,Y,0-40%,True,No_check_possible,No_check_possible,No_check_possible,No_check_possible
1885,49074298,32,0.03125,0.09375,Y,0-40%,True,No_check_possible,No_check_possible,No_check_possible,No_check_possible
1886,11144279,5,0.4,0.4,N,Not_Applicable(<30 pts),No_check_possible,No_check_possible,No_check_possible,No_check_possible,No_check_possible
1887,100730633,57,0.05263157894736842,0.5614035087719298,Y,0-40%,True,No_check_possible,No_check_possible,No_check_possible,No_check_possible
1888,15827539,11,0.18181818181818182,0.18181818181818182,N,Not_Applicable(<30 pts),No_check_possible,No_check_possible,No_check_possible,No_check_possible,No_check_possible
1889,16302385,55,0.03636363636363636,0.03636363636363636,Y,0-40%,True,No_check_possible,No_check_possible,No_check_possible,No_check_possible
1890,42212645,55,0.03636363636363636,0.03636363636363636,Y,0-40%,True,No_check_possible,No_check_possible,No_check_possible,No_check_possible
1891,49049343,22,0.09090909090909091,0.09090909090909091,N,Not_Applicable(<30 pts),No_check_possible,No_check_possible,No_check_possible,No_check_possible,No_check_possible
1892,101899903,7,0.2857142857142857,0.2857142857142857,N,Not_Applicable(<30 pts),No_check_possible,No_check_possible,No_check_possible,No_check_possible,No_check_possible
1893,101880394,39,0.05128205128205128,0.05128205128205128,Y,0-40%,True,No_check_possible,No_check_possible,No_check_possible,No_check_possible
1894,42146695,10,0.2,0.2,N,Not_Applicable(<30 pts),No_check_possible,No_check_possible,No_check_possible,No_check_possible,No_check_possible
1895,100657479,36,0.08333333333333333,0.1388888888888889,Y,0-40%,True,No_check_possible,No_check_possible,No_check_possible,No_check_possible
1896,100453796,35,0.05714285714285714,0.05714285714285714,Y,0-40%,True,No_check_possible,No_check_possible,No_check_possible,No_check_possible
1897,102223560,28,0.14285714285714285,0.14285714285714285,N,Not_Applicable(<30 pts),No_check_possible,No_check_possible,No_check_possible,No_check_possible,No_check_possible
1898,42272846,41,0.04878048780487805,0.04878048780487805,Y,0-40%,True,No_check_possible,No_check_possible,No_check_possible,No_check_possible
1899,42212516,42,0.07142857142857142,0.09523809523809523,Y,0-40%,True,No_check_possible,No_check_possible,No_check_possible,No_check_possible
1900,100509095,40,0.05,0.05,Y,0-40%,True,No_check_possible,No_check_possible,No_check_possible,No_check_possible
1901,102283770,42,0.09523809523809523,0.09523809523809523,Y,0-40%,True,No_check_possible,No_check_possible,No_check_possible,No_check_possible
1902,100379198,42,0.07142857142857142,0.07142857142857142,Y,0-40%,True,No_check_possible,No_check_possible,No_check_possible,No_check_possible
1903,101936062,42,0.11904761904761904,0.11904761904761904,Y,0-40%,True,No_check_possible,No_check_possible,No_check_possible,No_check_possible
1904,100351243,32,0.125,0.28125,Y,0-40%,True,No_check_possible,No_check_possible,No_check_possible,No_check_possible
1905,42144657,51,0.058823529411764705,0.058823529411764705,Y,0-40%,True,No_check_possible,No_check_possible,No_check_possible,No_check_possible
1906,11428111,14,0.14285714285714285,0.14285714285714285,N,Not_Applicable(<30 pts),No_check_possible,No_check_possible,No_check_possible,No_check_possible,No_check_possible
1907,15735219,65,0.046153846153846156,0.046153846153846156,Y,0-40%,True,No_check_possible,No_check_possible,No_check_possible,No_check_possible
1908,11663011,67,0.05970149253731343,0.07462686567164178,Y,0-40%,True,No_check_possible,No_check_possible,No_check_possible,No_check_possible
1909,101798717,30,0.1,0.1,Y,0-40%,True,No_check_possible,No_check_possible,No_check_possible,No_check_possible
1910,35796010,33,0.09090909090909091,0.09090909090909091,Y,0-40%,True,No_check_possible,No_check_possible,No_check_possible,No_check_possible
1911,37528922,67,0.14925373134328357,0.23880597014925373,Y,0-40%,True,No_check_possible,No_check_possible,No_check_possible,No_check_possible
1912,11712752,19,0.10526315789473684,0.10526315789473684,N,Not_Applicable(<30 pts),No_check_possible,No_check_possible,No_check_possible,No_check_possible,No_check_possible
1913,42230723,33,0.12121212121212122,0.18181818181818182,Y,0-40%,True,No_check_possible,No_check_possible,No_check_possible,No_check_possible
1914,102523260,36,0.16666666666666666,0.3888888888888889,Y,0-40%,True,No_check_possible,No_check_possible,No_check_possible,No_check_possible
1915,100369363,66,0.22727272727272727,0.5,Y,0-40%,True,No_check_possible,No_check_possible,No_check_possible,No_check_possible
1916,100230700,27,0.1111111111111111,0.25925925925925924,N,Not_Applicable(<30 pts),No_check_possible,No_check_possible,No_check_possible,No_check_possible,No_check_possible
1917,101847772,53,0.05660377358490566,0.07547169811320754,Y,0-40%,True,No_check_possible,No_check_possible,No_check_possible,No_check_possible
1918,102579335,12,0.25,0.5,N,Not_Applicable(<30 pts),No_check_possible,No_check_possible,No_check_possible,No_check_possible,No_check_possible
1919,102066720,16,0.0625,0.0625,N,Not_Applicable(<30 pts),No_check_possible,No_check_possible,No_check_possible,No_check_possible,No_check_possible
1920,11707190,58,0.017241379310344827,0.017241379310344827,Y,0-40%,True,No_check_possible,No_check_possible,No_check_possible,No_check_possible
1921,42300452,54,0.09259259259259259,0.3148148148148148,Y,0-40%,True,No_check_possible,No_check_possible,No_check_possible,No_check_possible
1922,14095032,26,0.038461538461538464,0.07692307692307693,N,Not_Applicable(<30 pts),No_check_possible,No_check_possible,No_check_possible,No_check_possible,No_check_possible
1923,100603129,15,0.13333333333333333,0.13333333333333333,N,Not_Applicable(<30 pts),No_check_possible,No_check_possible,No_check_possible,No_check_possible,No_check_possible
1924,102563094,29,0.2413793103448276,0.41379310344827586,N,Not_Applicable(<30 pts),No_check_possible,No_check_possible,No_check_possible,No_check_possible,No_check_possible
1925,100508777,30,0.1,0.36666666666666664,Y,0-40%,True,No_check_possible,No_check_possible,No_check_possible,No_check_possible
1926,11076368,9,0.1111111111111111,0.8888888888888888,N,Not_Applicable(<30 pts),No_check_possible,No_check_possible,No_check_possible,No_check_possible,No_check_possible
1927,16448174,59,0.0847457627118644,0.11864406779661017,Y,0-40%,True,No_check_possible,No_check_possible,No_check_possible,No_check_possible
1928,100512568,40,0.125,0.15,Y,0-40%,True,No_check_possible,No_check_possible,No_check_possible,No_check_possible
1929,12920792,5,0.6,0.6,N,Not_Applicable(<30 pts),No_check_possible,No_check_possible,No_check_possible,No_check_possible,No_check_possible
1930,11413829,56,0.07142857142857142,0.16071428571428573,Y,0-40%,True,No_check_possible,No_check_possible,No_check_possible,No_check_possible
1931,11559324,52,0.11538461538461539,0.11538461538461539,Y,0-40%,True,No_check_possible,No_check_possible,No_check_possible,No_check_possible
1932,11520807,58,0.10344827586206896,0.1724137931034483,Y,0-40%,True,No_check_possible,No_check_possible,No_check_possible,No_check_possible
1933,37458501,57,0.017543859649122806,0.017543859649122806,Y,0-40%,True,No_check_possible,No_check_possible,No_check_possible,No_check_possible
1934,100556201,19,0.10526315789473684,0.10526315789473684,N,Not_Applicable(<30 pts),No_check_possible,No_check_possible,No_check_possible,No_check_possible,No_check_possible
1935,102565858,28,0.17857142857142858,1.0714285714285714,N,Not_Applicable(<30 pts),No_check_possible,No_check_possible,No_check_possible,No_check_possible,No_check_possible
1936,11029468,31,0.06451612903225806,0.06451612903225806,Y,0-40%,True,No_check_possible,No_check_possible,No_check_possible,No_check_possible
1937,102139762,49,0.04081632653061224,0.04081632653061224,Y,0-40%,True,No_check_possible,No_check_possible,No_check_possible,No_check_possible
1938,102497615,67,0.05970149253731343,0.05970149253731343,Y,0-40%,True,No_check_possible,No_check_possible,No_check_possible,No_check_possible
1939,11205622,56,0.21428571428571427,1.5357142857142858,Y,0-40%,True,No_check_possible,No_check_possible,No_check_possible,No_check_possible
1940,16767892,4,0.5,0.5,N,Not_Applicable(<30 pts),No_check_possible,No_check_possible,No_check_possible,No_check_possible,No_check_possible
1941,42151635,59,0.01694915254237288,0.01694915254237288,Y,0-40%,True,No_check_possible,No_check_possible,No_check_possible,No_check_possible
1942,15727761,33,0.06060606060606061,0.06060606060606061,Y,0-40%,True,No_check_possible,No_check_possible,No_check_possible,No_check_possible
1943,17009062,66,0.030303030303030304,0.030303030303030304,Y,0-40%,True,No_check_possible,No_check_possible,No_check_possible,No_check_possible
1944,42211687,48,0.041666666666666664,0.041666666666666664,Y,0-40%,True,No_check_possible,No_check_possible,No_check_possible,No_check_possible
1945,14483123,60,0.06666666666666667,0.06666666666666667,Y,0-40%,True,No_check_possible,No_check_possible,No_check_possible,No_check_possible
1946,11237090,48,0.0625,0.0625,Y,0-40%,True,No_check_possible,No_check_possible,No_check_possible,No_check_possible
1947,42142497,10,0.2,0.2,N,Not_Applicable(<30 pts),No_check_possible,No_check_possible,No_check_possible,No_check_possible,No_check_possible
1948,102308689,40,0.15,0.225,Y,0-40%,True,No_check_possible,No_check_possible,No_check_possible,No_check_possible
1949,100481518,22,0.09090909090909091,0.09090909090909091,N,Not_Applicable(<30 pts),No_check_possible,No_check_possible,No_check_possible,No_check_possible,No_check_possible
1950,42147473,20,0.1,0.1,N,Not_Applicable(<30 pts),No_check_possible,No_check_possible,No_check_possible,No_check_possible,No_check_possible
1951,37532284,64,0.078125,0.140625,Y,0-40%,True,No_check_possible,No_check_possible,No_check_possible,No_check_possible
1952,42151467,57,0.03508771929824561,0.10526315789473684,Y,0-40%,True,No_check_possible,No_check_possible,No_check_possible,No_check_possible
1953,11311364,55,0.09090909090909091,0.16363636363636364,Y,0-40%,True,No_check_possible,No_check_possible,No_check_possible,No_check_possible
1954,100354476,13,0.15384615384615385,0.15384615384615385,N,Not_Applicable(<30 pts),No_check_possible,No_check_possible,No_check_possible,No_check_possible,No_check_possible
1955,101503706,26,0.11538461538461539,0.19230769230769232,N,Not_Applicable(<30 pts),No_check_possible,No_check_possible,No_check_possible,No_check_possible,No_check_possible
1956,42299567,36,0.1111111111111111,0.1388888888888889,Y,0-40%,True,No_check_possible,No_check_possible,No_check_possible,No_check_possible
1957,11672885,55,0.03636363636363636,0.03636363636363636,Y,0-40%,True,No_check_possible,No_check_possible,No_check_possible,No_check_possible
1958,100156229,41,0.0975609756097561,0.0975609756097561,Y,0-40%,True,No_check_possible,No_check_possible,No_check_possible,No_check_possible
1959,49141191,68,0.14705882352941177,0.23529411764705882,Y,0-40%,True,No_check_possible,No_check_possible,No_check_possible,No_check_possible
1960,100563574,31,0.06451612903225806,0.06451612903225806,Y,0-40%,True,No_check_possible,No_check_possible,No_check_possible,No_check_possible
1961,11294867,7,0.2857142857142857,0.2857142857142857,N,Not_Applicable(<30 pts),No_check_possible,No_check_possible,No_check_possible,No_check_possible,No_check_possible
1962,11468314,34,0.11764705882352941,0.23529411764705882,Y,0-40%,True,No_check_possible,No_check_possible,No_check_possible,No_check_possible
1963,11331255,42,0.07142857142857142,0.07142857142857142,Y,0-40%,True,No_check_possible,No_check_possible,No_check_possible,No_check_possible
1964,15362358,55,0.01818181818181818,0.01818181818181818,Y,0-40%,True,No_check_possible,No_check_possible,No_check_possible,No_check_possible
1965,16015677,65,0.12307692307692308,0.16923076923076924,Y,0-40%,True,No_check_possible,No_check_possible,No_check_possible,No_check_possible
1966,37458827,12,0.16666666666666666,0.16666666666666666,N,Not_Applicable(<30 pts),No_check_possible,No_check_possible,No_check_possible,No_check_possible,No_check_possible
1967,11712094,54,0.05555555555555555,0.2222222222222222,Y,0-40%,True,No_check_possible,No_check_possible,No_check_possible,No_check_possible
1968,15768432,30,0.13333333333333333,0.13333333333333333,Y,0-40%,True,No_check_possible,No_check_possible,No_check_possible,No_check_possible
1969,11296717,51,0.0392156862745098,0.0392156862745098,Y,0-40%,True,No_check_possible,No_check_possible,No_check_possible,No_check_possible
1970,15277968,36,0.05555555555555555,0.05555555555555555,Y,0-40%,True,No_check_possible,No_check_possible,No_check_possible,No_check_possible
1971,42052785,68,0.029411764705882353,0.029411764705882353,Y,0-40%,True,No_check_possible,No_check_possible,No_check_possible,No_check_possible
1972,101426840,63,0.14285714285714285,0.6190476190476191,Y,0-40%,True,No_check_possible,No_check_possible,No_check_possible,No_check_possible
1973,11287946,42,0.047619047619047616,0.07142857142857142,Y,0-40%,True,No_check_possible,No_check_possible,No_check_possible,No_check_possible
1974,37458797,23,0.043478260869565216,0.08695652173913043,N,Not_Applicable(<30 pts),No_check_possible,No_check_possible,No_check_possible,No_check_possible,No_check_possible
1975,42300364,35,0.08571428571428572,0.17142857142857143,Y,0-40%,True,No_check_possible,No_check_possible,No_check_possible,No_check_possible
1976,11241661,25,0.08,0.08,N,Not_Applicable(<30 pts),No_check_possible,No_check_possible,No_check_possible,No_check_possible,No_check_possible
1977,49162321,34,0.17647058823529413,0.17647058823529413,Y,0-40%,False,trend-stationary,0,seasonal_stationary,0
1978,101909134,4,0.5,0.75,N,Not_Applicable(<30 pts),No_check_possible,No_check_possible,No_check_possible,No_check_possible,No_check_possible
1979,101522080,36,0.05555555555555555,0.05555555555555555,Y,0-40%,True,No_check_possible,No_check_possible,No_check_possible,No_check_possible
1980,42149841,3,0.3333333333333333,1.0,N,Not_Applicable(<30 pts),No_check_possible,No_check_possible,No_check_possible,No_check_possible,No_check_possible
1981,100798203,10,0.2,0.2,N,Not_Applicable(<30 pts),No_check_possible,No_check_possible,No_check_possible,No_check_possible,No_check_possible
1982,102291176,4,0.5,0.5,N,Not_Applicable(<30 pts),No_check_possible,No_check_possible,No_check_possible,No_check_possible,No_check_possible
1983,102182327,39,0.1282051282051282,0.48717948717948717,Y,0-40%,True,No_check_possible,No_check_possible,No_check_possible,No_check_possible
1984,102387550,5,0.2,0.2,N,Not_Applicable(<30 pts),No_check_possible,No_check_possible,No_check_possible,No_check_possible,No_check_possible
1985,100512484,57,0.03508771929824561,0.07017543859649122,Y,0-40%,True,No_check_possible,No_check_possible,No_check_possible,No_check_possible
1986,100648223,57,0.03508771929824561,0.07017543859649122,Y,0-40%,True,No_check_possible,No_check_possible,No_check_possible,No_check_possible
1987,42227815,31,0.06451612903225806,0.12903225806451613,Y,0-40%,True,No_check_possible,No_check_possible,No_check_possible,No_check_possible
1988,102503572,66,0.12121212121212122,0.25757575757575757,Y,0-40%,True,No_check_possible,No_check_possible,No_check_possible,No_check_possible
1989,100663479,26,0.19230769230769232,0.2692307692307692,N,Not_Applicable(<30 pts),No_check_possible,No_check_possible,No_check_possible,No_check_possible,No_check_possible
1990,16181192,12,0.3333333333333333,0.4166666666666667,N,Not_Applicable(<30 pts),No_check_possible,No_check_possible,No_check_possible,No_check_possible,No_check_possible
1991,100577330,16,0.1875,0.1875,N,Not_Applicable(<30 pts),No_check_possible,No_check_possible,No_check_possible,No_check_possible,No_check_possible
1992,101942375,20,0.15,0.9,N,Not_Applicable(<30 pts),No_check_possible,No_check_possible,No_check_possible,No_check_possible,No_check_possible
1993,102143151,67,0.1044776119402985,0.417910447761194,Y,0-40%,True,No_check_possible,No_check_possible,No_check_possible,No_check_possible
1994,101942965,12,0.08333333333333333,0.08333333333333333,N,Not_Applicable(<30 pts),No_check_possible,No_check_possible,No_check_possible,No_check_possible,No_check_possible
1995,11378401,21,0.047619047619047616,0.047619047619047616,N,Not_Applicable(<30 pts),No_check_possible,No_check_possible,No_check_possible,No_check_possible,No_check_possible
1996,11665619,5,0.4,0.4,N,Not_Applicable(<30 pts),No_check_possible,No_check_possible,No_check_possible,No_check_possible,No_check_possible
1997,42228771,6,0.3333333333333333,0.5,N,Not_Applicable(<30 pts),No_check_possible,No_check_possible,No_check_possible,No_check_possible,No_check_possible
1998,11712456,22,0.09090909090909091,0.09090909090909091,N,Not_Applicable(<30 pts),No_check_possible,No_check_possible,No_check_possible,No_check_possible,No_check_possible
1999,101837937,22,0.18181818181818182,0.22727272727272727,N,Not_Applicable(<30 pts),No_check_possible,No_check_possible,No_check_possible,No_check_possible,No_check_possible
2000,11705284,49,0.22448979591836735,0.3673469387755102,Y,0-40%,True,No_check_possible,No_check_possible,No_check_possible,No_check_possible
2001,100094882,61,0.06557377049180328,0.09836065573770492,Y,0-40%,True,No_check_possible,No_check_possible,No_check_possible,No_check_possible
2002,11707306,28,0.10714285714285714,0.17857142857142858,N,Not_Applicable(<30 pts),No_check_possible,No_check_possible,No_check_possible,No_check_possible,No_check_possible
2003,42154644,38,0.05263157894736842,0.07894736842105263,Y,0-40%,True,No_check_possible,No_check_possible,No_check_possible,No_check_possible
2004,100567503,63,0.1111111111111111,0.1746031746031746,Y,0-40%,True,No_check_possible,No_check_possible,No_check_possible,No_check_possible
2005,100840594,55,0.09090909090909091,0.2,Y,0-40%,True,No_check_possible,No_check_possible,No_check_possible,No_check_possible
2006,100029784,62,0.22580645161290322,0.5483870967741935,Y,0-40%,True,No_check_possible,No_check_possible,No_check_possible,No_check_possible
2007,102522569,19,0.05263157894736842,0.05263157894736842,N,Not_Applicable(<30 pts),No_check_possible,No_check_possible,No_check_possible,No_check_possible,No_check_possible
2008,29665466,66,0.13636363636363635,0.3333333333333333,Y,0-40%,True,No_check_possible,No_check_possible,No_check_possible,No_check_possible
2009,11670039,57,0.10526315789473684,0.38596491228070173,Y,0-40%,True,No_check_possible,No_check_possible,No_check_possible,No_check_possible
2010,11651170,59,0.1016949152542373,0.1864406779661017,Y,0-40%,True,No_check_possible,No_check_possible,No_check_possible,No_check_possible
2011,37459482,61,0.03278688524590164,0.03278688524590164,Y,0-40%,True,No_check_possible,No_check_possible,No_check_possible,No_check_possible
2012,100755036,49,0.061224489795918366,0.061224489795918366,Y,0-40%,True,No_check_possible,No_check_possible,No_check_possible,No_check_possible
2013,11712085,8,0.25,0.25,N,Not_Applicable(<30 pts),No_check_possible,No_check_possible,No_check_possible,No_check_possible,No_check_possible
2014,12381195,34,0.08823529411764706,0.08823529411764706,Y,0-40%,True,No_check_possible,No_check_possible,No_check_possible,No_check_possible
2015,16452658,18,0.16666666666666666,0.2222222222222222,N,Not_Applicable(<30 pts),No_check_possible,No_check_possible,No_check_possible,No_check_possible,No_check_possible
2016,100663763,28,0.07142857142857142,0.10714285714285714,N,Not_Applicable(<30 pts),No_check_possible,No_check_possible,No_check_possible,No_check_possible,No_check_possible
2017,15727593,63,0.30158730158730157,1.5714285714285714,Y,0-40%,True,No_check_possible,No_check_possible,No_check_possible,No_check_possible
2018,100671929,48,0.10416666666666667,0.14583333333333334,Y,0-40%,True,No_check_possible,No_check_possible,No_check_possible,No_check_possible
2019,11231609,26,0.3076923076923077,0.8846153846153846,N,Not_Applicable(<30 pts),No_check_possible,No_check_possible,No_check_possible,No_check_possible,No_check_possible
2020,11706256,58,0.1206896551724138,0.1206896551724138,Y,0-40%,True,No_check_possible,No_check_possible,No_check_possible,No_check_possible
2021,11655421,60,0.11666666666666667,0.13333333333333333,Y,0-40%,True,No_check_possible,No_check_possible,No_check_possible,No_check_possible
2022,42211440,39,0.05128205128205128,0.05128205128205128,Y,0-40%,True,No_check_possible,No_check_possible,No_check_possible,No_check_possible
2023,100085295,4,0.5,1.0,N,Not_Applicable(<30 pts),No_check_possible,No_check_possible,No_check_possible,No_check_possible,No_check_possible
2024,102557082,17,0.058823529411764705,0.058823529411764705,N,Not_Applicable(<30 pts),No_check_possible,No_check_possible,No_check_possible,No_check_possible,No_check_possible
2025,15735493,9,0.3333333333333333,0.5555555555555556,N,Not_Applicable(<30 pts),No_check_possible,No_check_possible,No_check_possible,No_check_possible,No_check_possible
2026,16248910,27,0.1111111111111111,1.2222222222222223,N,Not_Applicable(<30 pts),No_check_possible,No_check_possible,No_check_possible,No_check_possible,No_check_possible
2027,102349690,27,0.18518518518518517,0.25925925925925924,N,Not_Applicable(<30 pts),No_check_possible,No_check_possible,No_check_possible,No_check_possible,No_check_possible
2028,101942555,55,0.05454545454545454,0.09090909090909091,Y,0-40%,True,No_check_possible,No_check_possible,No_check_possible,No_check_possible
2029,102408524,49,0.08163265306122448,0.08163265306122448,Y,0-40%,True,No_check_possible,No_check_possible,No_check_possible,No_check_possible
2030,49100598,19,0.10526315789473684,0.10526315789473684,N,Not_Applicable(<30 pts),No_check_possible,No_check_possible,No_check_possible,No_check_possible,No_check_possible
2031,100462267,51,0.13725490196078433,0.17647058823529413,Y,0-40%,True,No_check_possible,No_check_possible,No_check_possible,No_check_possible
2032,102524806,54,0.05555555555555555,0.09259259259259259,Y,0-40%,True,No_check_possible,No_check_possible,No_check_possible,No_check_possible
2033,100462117,38,0.2894736842105263,0.4473684210526316,Y,0-40%,True,No_check_possible,No_check_possible,No_check_possible,No_check_possible
2034,15856846,50,0.04,0.04,Y,0-40%,True,No_check_possible,No_check_possible,No_check_possible,No_check_possible
2035,11239540,11,0.18181818181818182,0.18181818181818182,N,Not_Applicable(<30 pts),No_check_possible,No_check_possible,No_check_possible,No_check_possible,No_check_possible
2036,11680319,64,0.125,0.578125,Y,0-40%,True,No_check_possible,No_check_possible,No_check_possible,No_check_possible
2037,102170325,23,0.13043478260869565,0.17391304347826086,N,Not_Applicable(<30 pts),No_check_possible,No_check_possible,No_check_possible,No_check_possible,No_check_possible
2038,102118539,34,0.058823529411764705,0.08823529411764706,Y,0-40%,True,No_check_possible,No_check_possible,No_check_possible,No_check_possible
2039,102330772,62,0.16129032258064516,0.3548387096774194,Y,0-40%,True,No_check_possible,No_check_possible,No_check_possible,No_check_possible
2040,102539314,30,0.06666666666666667,0.06666666666666667,Y,0-40%,True,No_check_possible,No_check_possible,No_check_possible,No_check_possible
2041,101957460,59,0.03389830508474576,0.03389830508474576,Y,0-40%,True,No_check_possible,No_check_possible,No_check_possible,No_check_possible
2042,11645694,22,0.18181818181818182,0.18181818181818182,N,Not_Applicable(<30 pts),No_check_possible,No_check_possible,No_check_possible,No_check_possible,No_check_possible
2043,101847798,51,0.058823529411764705,0.11764705882352941,Y,0-40%,True,No_check_possible,No_check_possible,No_check_possible,No_check_possible
2044,101406637,34,0.14705882352941177,0.20588235294117646,Y,0-40%,True,No_check_possible,No_check_possible,No_check_possible,No_check_possible
2045,102408976,48,0.0625,0.08333333333333333,Y,0-40%,True,No_check_possible,No_check_possible,No_check_possible,No_check_possible
2046,102281117,4,0.75,1.25,N,Not_Applicable(<30 pts),No_check_possible,No_check_possible,No_check_possible,No_check_possible,No_check_possible
2047,102372208,24,0.08333333333333333,0.08333333333333333,N,Not_Applicable(<30 pts),No_check_possible,No_check_possible,No_check_possible,No_check_possible,No_check_possible
2048,100672183,31,0.12903225806451613,0.1935483870967742,Y,0-40%,True,No_check_possible,No_check_possible,No_check_possible,No_check_possible
2049,102372212,60,0.08333333333333333,0.1,Y,0-40%,True,No_check_possible,No_check_possible,No_check_possible,No_check_possible
2050,102754672,25,0.28,0.32,N,Not_Applicable(<30 pts),No_check_possible,No_check_possible,No_check_possible,No_check_possible,No_check_possible
2051,101446829,30,0.1,0.1,Y,0-40%,True,No_check_possible,No_check_possible,No_check_possible,No_check_possible
2052,101876501,12,0.16666666666666666,0.16666666666666666,N,Not_Applicable(<30 pts),No_check_possible,No_check_possible,No_check_possible,No_check_possible,No_check_possible
2053,102541907,38,0.18421052631578946,0.5263157894736842,Y,0-40%,True,No_check_possible,No_check_possible,No_check_possible,No_check_possible
2054,16289072,50,0.16,0.4,Y,0-40%,True,No_check_possible,No_check_possible,No_check_possible,No_check_possible
2055,42153433,53,0.09433962264150944,0.11320754716981132,Y,0-40%,True,No_check_possible,No_check_possible,No_check_possible,No_check_possible
2056,102290940,26,0.15384615384615385,0.19230769230769232,N,Not_Applicable(<30 pts),No_check_possible,No_check_possible,No_check_possible,No_check_possible,No_check_possible
2057,42153328,61,0.11475409836065574,0.2459016393442623,Y,0-40%,True,No_check_possible,No_check_possible,No_check_possible,No_check_possible
2058,102372690,48,0.125,0.20833333333333334,Y,0-40%,True,No_check_possible,No_check_possible,No_check_possible,No_check_possible
2059,100525084,26,0.15384615384615385,0.15384615384615385,N,Not_Applicable(<30 pts),No_check_possible,No_check_possible,No_check_possible,No_check_possible,No_check_possible
2060,102216293,28,0.10714285714285714,0.14285714285714285,N,Not_Applicable(<30 pts),No_check_possible,No_check_possible,No_check_possible,No_check_possible,No_check_possible
2061,102349948,19,0.10526315789473684,0.10526315789473684,N,Not_Applicable(<30 pts),No_check_possible,No_check_possible,No_check_possible,No_check_possible,No_check_possible
2062,102288421,56,0.03571428571428571,0.03571428571428571,Y,0-40%,True,No_check_possible,No_check_possible,No_check_possible,No_check_possible
2063,102565544,37,0.08108108108108109,0.16216216216216217,Y,0-40%,True,No_check_possible,No_check_possible,No_check_possible,No_check_possible
2064,102546506,63,0.047619047619047616,0.06349206349206349,Y,0-40%,True,No_check_possible,No_check_possible,No_check_possible,No_check_possible
2065,101521882,52,0.07692307692307693,0.09615384615384616,Y,0-40%,True,No_check_possible,No_check_possible,No_check_possible,No_check_possible
2066,102494696,23,0.17391304347826086,0.34782608695652173,N,Not_Applicable(<30 pts),No_check_possible,No_check_possible,No_check_possible,No_check_possible,No_check_possible
2067,101412135,17,0.11764705882352941,0.17647058823529413,N,Not_Applicable(<30 pts),No_check_possible,No_check_possible,No_check_possible,No_check_possible,No_check_possible
2068,102557027,39,0.07692307692307693,0.10256410256410256,Y,0-40%,True,No_check_possible,No_check_possible,No_check_possible,No_check_possible
2069,102189733,54,0.05555555555555555,0.09259259259259259,Y,0-40%,True,No_check_possible,No_check_possible,No_check_possible,No_check_possible
2070,100074757,21,0.14285714285714285,0.3333333333333333,N,Not_Applicable(<30 pts),No_check_possible,No_check_possible,No_check_possible,No_check_possible,No_check_possible
2071,102583720,11,0.2727272727272727,0.36363636363636365,N,Not_Applicable(<30 pts),No_check_possible,No_check_possible,No_check_possible,No_check_possible,No_check_possible
2072,102294406,60,0.05,0.06666666666666667,Y,0-40%,True,No_check_possible,No_check_possible,No_check_possible,No_check_possible
2073,101909454,12,0.25,0.3333333333333333,N,Not_Applicable(<30 pts),No_check_possible,No_check_possible,No_check_possible,No_check_possible,No_check_possible
2074,102630433,57,0.10526315789473684,0.14035087719298245,Y,0-40%,True,No_check_possible,No_check_possible,No_check_possible,No_check_possible
2075,101876397,54,0.037037037037037035,0.05555555555555555,Y,0-40%,True,No_check_possible,No_check_possible,No_check_possible,No_check_possible
2076,49070017,35,0.05714285714285714,0.11428571428571428,Y,0-40%,True,No_check_possible,No_check_possible,No_check_possible,No_check_possible
2077,101876415,21,0.09523809523809523,0.14285714285714285,N,Not_Applicable(<30 pts),No_check_possible,No_check_possible,No_check_possible,No_check_possible,No_check_possible
2078,45872062,23,0.13043478260869565,0.17391304347826086,N,Not_Applicable(<30 pts),No_check_possible,No_check_possible,No_check_possible,No_check_possible,No_check_possible
2079,102557428,24,0.08333333333333333,0.125,N,Not_Applicable(<30 pts),No_check_possible,No_check_possible,No_check_possible,No_check_possible,No_check_possible
2080,102504294,37,0.13513513513513514,0.1891891891891892,Y,0-40%,True,No_check_possible,No_check_possible,No_check_possible,No_check_possible
2081,18271015,57,0.14035087719298245,0.21052631578947367,Y,0-40%,True,No_check_possible,No_check_possible,No_check_possible,No_check_possible
2082,42294240,48,0.14583333333333334,0.3125,Y,0-40%,True,No_check_possible,No_check_possible,No_check_possible,No_check_possible
2083,100775615,53,0.05660377358490566,0.09433962264150944,Y,0-40%,True,No_check_possible,No_check_possible,No_check_possible,No_check_possible
2084,101934898,34,0.17647058823529413,0.2647058823529412,Y,0-40%,True,No_check_possible,No_check_possible,No_check_possible,No_check_possible
2085,102331154,48,0.0625,0.125,Y,0-40%,True,No_check_possible,No_check_possible,No_check_possible,No_check_possible
2086,102557074,32,0.09375,0.25,Y,0-40%,True,No_check_possible,No_check_possible,No_check_possible,No_check_possible
2087,102489012,55,0.2545454545454545,0.5818181818181818,Y,0-40%,True,No_check_possible,No_check_possible,No_check_possible,No_check_possible
2088,11341394,11,0.2727272727272727,0.5454545454545454,N,Not_Applicable(<30 pts),No_check_possible,No_check_possible,No_check_possible,No_check_possible,No_check_possible
2089,11522945,68,0.10294117647058823,0.11764705882352941,Y,0-40%,True,No_check_possible,No_check_possible,No_check_possible,No_check_possible
2090,16378823,63,0.09523809523809523,0.09523809523809523,Y,0-40%,True,No_check_possible,No_check_possible,No_check_possible,No_check_possible
2091,11227989,11,0.18181818181818182,0.18181818181818182,N,Not_Applicable(<30 pts),No_check_possible,No_check_possible,No_check_possible,No_check_possible,No_check_possible
2092,11329981,40,0.075,0.075,Y,0-40%,True,No_check_possible,No_check_possible,No_check_possible,No_check_possible
2093,102074801,28,0.14285714285714285,7.607142857142857,N,Not_Applicable(<30 pts),No_check_possible,No_check_possible,No_check_possible,No_check_possible,No_check_possible
2094,11670754,29,0.06896551724137931,0.06896551724137931,N,Not_Applicable(<30 pts),No_check_possible,No_check_possible,No_check_possible,No_check_possible,No_check_possible
2095,11574715,34,0.058823529411764705,0.08823529411764706,Y,0-40%,True,No_check_possible,No_check_possible,No_check_possible,No_check_possible
2096,102170409,34,0.14705882352941177,0.14705882352941177,Y,0-40%,False,trend-stationary,0,seasonal_non_stationary,1
2097,11526627,30,0.16666666666666666,0.2,Y,0-40%,True,No_check_possible,No_check_possible,No_check_possible,No_check_possible
2098,11283387,22,0.09090909090909091,0.09090909090909091,N,Not_Applicable(<30 pts),No_check_possible,No_check_possible,No_check_possible,No_check_possible,No_check_possible
2099,37459590,36,0.2222222222222222,2.861111111111111,Y,0-40%,True,No_check_possible,No_check_possible,No_check_possible,No_check_possible
2100,102353604,19,0.10526315789473684,0.10526315789473684,N,Not_Applicable(<30 pts),No_check_possible,No_check_possible,No_check_possible,No_check_possible,No_check_possible
2101,42226003,60,0.03333333333333333,0.03333333333333333,Y,0-40%,True,No_check_possible,No_check_possible,No_check_possible,No_check_possible
2102,15727259,55,0.07272727272727272,0.12727272727272726,Y,0-40%,True,No_check_possible,No_check_possible,No_check_possible,No_check_possible
2103,37529172,36,0.05555555555555555,0.5277777777777778,Y,0-40%,True,No_check_possible,No_check_possible,No_check_possible,No_check_possible
2104,100528610,14,0.07142857142857142,0.07142857142857142,N,Not_Applicable(<30 pts),No_check_possible,No_check_possible,No_check_possible,No_check_possible,No_check_possible
2105,11065006,37,0.05405405405405406,0.05405405405405406,Y,0-40%,True,No_check_possible,No_check_possible,No_check_possible,No_check_possible
2106,42272758,48,0.22916666666666666,0.5625,Y,0-40%,True,No_check_possible,No_check_possible,No_check_possible,No_check_possible
2107,11705254,37,0.08108108108108109,0.08108108108108109,Y,0-40%,True,No_check_possible,No_check_possible,No_check_possible,No_check_possible
2108,102096946,38,0.05263157894736842,0.05263157894736842,Y,0-40%,True,No_check_possible,No_check_possible,No_check_possible,No_check_possible
2109,37457656,32,0.0625,4.6875,Y,0-40%,True,No_check_possible,No_check_possible,No_check_possible,No_check_possible
2110,49105561,32,0.0625,7.8125,Y,0-40%,True,No_check_possible,No_check_possible,No_check_possible,No_check_possible
2111,11022230,60,0.25,2.783333333333333,Y,0-40%,True,No_check_possible,No_check_possible,No_check_possible,No_check_possible
2112,11083767,57,0.05263157894736842,0.07017543859649122,Y,0-40%,True,No_check_possible,No_check_possible,No_check_possible,No_check_possible
2113,16097723,65,0.3076923076923077,0.5384615384615384,Y,0-40%,True,No_check_possible,No_check_possible,No_check_possible,No_check_possible
2114,49100634,13,0.15384615384615385,0.15384615384615385,N,Not_Applicable(<30 pts),No_check_possible,No_check_possible,No_check_possible,No_check_possible,No_check_possible
2115,15726717,24,0.08333333333333333,0.08333333333333333,N,Not_Applicable(<30 pts),No_check_possible,No_check_possible,No_check_possible,No_check_possible,No_check_possible
2116,101798559,60,0.03333333333333333,0.03333333333333333,Y,0-40%,True,No_check_possible,No_check_possible,No_check_possible,No_check_possible
2117,16660586,48,0.10416666666666667,0.14583333333333334,Y,0-40%,True,No_check_possible,No_check_possible,No_check_possible,No_check_possible
2118,102644457,63,0.25396825396825395,1.9682539682539681,Y,0-40%,True,No_check_possible,No_check_possible,No_check_possible,No_check_possible
2119,15757833,54,0.037037037037037035,0.037037037037037035,Y,0-40%,True,No_check_possible,No_check_possible,No_check_possible,No_check_possible
2120,100462315,48,0.08333333333333333,0.08333333333333333,Y,0-40%,True,No_check_possible,No_check_possible,No_check_possible,No_check_possible
2121,11278969,60,0.05,0.06666666666666667,Y,0-40%,True,No_check_possible,No_check_possible,No_check_possible,No_check_possible
2122,11285005,34,0.11764705882352941,0.20588235294117646,Y,0-40%,True,No_check_possible,No_check_possible,No_check_possible,No_check_possible
2123,42225439,53,0.1320754716981132,2.0377358490566038,Y,0-40%,True,No_check_possible,No_check_possible,No_check_possible,No_check_possible
2124,11353455,3,0.6666666666666666,1.0,N,Not_Applicable(<30 pts),No_check_possible,No_check_possible,No_check_possible,No_check_possible,No_check_possible
2125,11608653,22,0.09090909090909091,0.09090909090909091,N,Not_Applicable(<30 pts),No_check_possible,No_check_possible,No_check_possible,No_check_possible,No_check_possible
2126,11400377,8,0.25,0.25,N,Not_Applicable(<30 pts),No_check_possible,No_check_possible,No_check_possible,No_check_possible,No_check_possible
2127,42227673,5,0.4,0.6,N,Not_Applicable(<30 pts),No_check_possible,No_check_possible,No_check_possible,No_check_possible,No_check_possible
2128,11677237,53,0.24528301886792453,0.5849056603773585,Y,0-40%,False,trend-non-stationary,1,seasonal_stationary,0
2129,101909470,38,0.02631578947368421,0.02631578947368421,Y,0-40%,True,No_check_possible,No_check_possible,No_check_possible,No_check_possible
2130,16045298,54,0.12962962962962962,0.14814814814814814,Y,0-40%,True,No_check_possible,No_check_possible,No_check_possible,No_check_possible
2131,11319961,8,0.25,0.25,N,Not_Applicable(<30 pts),No_check_possible,No_check_possible,No_check_possible,No_check_possible,No_check_possible
2132,42225630,48,0.0625,0.125,Y,0-40%,True,No_check_possible,No_check_possible,No_check_possible,No_check_possible
2133,100484711,56,0.08928571428571429,0.125,Y,0-40%,True,No_check_possible,No_check_possible,No_check_possible,No_check_possible
2134,16551099,65,0.15384615384615385,1.0307692307692307,Y,0-40%,True,No_check_possible,No_check_possible,No_check_possible,No_check_possible
2135,16550983,65,0.16923076923076924,1.2153846153846153,Y,0-40%,True,No_check_possible,No_check_possible,No_check_possible,No_check_possible
2136,11681852,53,0.05660377358490566,0.05660377358490566,Y,0-40%,True,No_check_possible,No_check_possible,No_check_possible,No_check_possible
2137,11593023,38,0.05263157894736842,0.05263157894736842,Y,0-40%,True,No_check_possible,No_check_possible,No_check_possible,No_check_possible
2138,11191386,15,0.13333333333333333,0.13333333333333333,N,Not_Applicable(<30 pts),No_check_possible,No_check_possible,No_check_possible,No_check_possible,No_check_possible
2139,11681003,16,0.125,0.125,N,Not_Applicable(<30 pts),No_check_possible,No_check_possible,No_check_possible,No_check_possible,No_check_possible
2140,11390040,23,0.21739130434782608,0.4782608695652174,N,Not_Applicable(<30 pts),No_check_possible,No_check_possible,No_check_possible,No_check_possible,No_check_possible
2141,11250532,54,0.1111111111111111,0.24074074074074073,Y,0-40%,True,No_check_possible,No_check_possible,No_check_possible,No_check_possible
2142,100646968,14,0.14285714285714285,0.14285714285714285,N,Not_Applicable(<30 pts),No_check_possible,No_check_possible,No_check_possible,No_check_possible,No_check_possible
2143,15869932,64,0.296875,1.828125,Y,0-40%,True,No_check_possible,No_check_possible,No_check_possible,No_check_possible
2144,49092830,55,0.18181818181818182,0.2727272727272727,Y,0-40%,True,No_check_possible,No_check_possible,No_check_possible,No_check_possible
2145,100648215,3,0.6666666666666666,1.3333333333333333,N,Not_Applicable(<30 pts),No_check_possible,No_check_possible,No_check_possible,No_check_possible,No_check_possible
2146,11280031,3,0.6666666666666666,1.3333333333333333,N,Not_Applicable(<30 pts),No_check_possible,No_check_possible,No_check_possible,No_check_possible,No_check_possible
2147,12324370,32,0.09375,0.15625,Y,0-40%,True,No_check_possible,No_check_possible,No_check_possible,No_check_possible
2148,101820075,66,0.07575757575757576,0.12121212121212122,Y,0-40%,True,No_check_possible,No_check_possible,No_check_possible,No_check_possible
2149,100778395,24,0.125,0.16666666666666666,N,Not_Applicable(<30 pts),No_check_possible,No_check_possible,No_check_possible,No_check_possible,No_check_possible
2150,11706135,19,0.10526315789473684,0.10526315789473684,N,Not_Applicable(<30 pts),No_check_possible,No_check_possible,No_check_possible,No_check_possible,No_check_possible
2151,100060615,64,0.109375,0.21875,Y,0-40%,True,No_check_possible,No_check_possible,No_check_possible,No_check_possible
2152,100512755,27,0.1111111111111111,0.14814814814814814,N,Not_Applicable(<30 pts),No_check_possible,No_check_possible,No_check_possible,No_check_possible,No_check_possible
2153,11677562,9,0.2222222222222222,0.2222222222222222,N,Not_Applicable(<30 pts),No_check_possible,No_check_possible,No_check_possible,No_check_possible,No_check_possible
2154,100607424,7,0.2857142857142857,0.2857142857142857,N,Not_Applicable(<30 pts),No_check_possible,No_check_possible,No_check_possible,No_check_possible,No_check_possible
2155,11059512,4,0.25,0.25,N,Not_Applicable(<30 pts),No_check_possible,No_check_possible,No_check_possible,No_check_possible,No_check_possible
2156,100550265,7,0.14285714285714285,0.14285714285714285,N,Not_Applicable(<30 pts),No_check_possible,No_check_possible,No_check_possible,No_check_possible,No_check_possible
2157,18313405,53,0.05660377358490566,0.05660377358490566,Y,0-40%,True,No_check_possible,No_check_possible,No_check_possible,No_check_possible
2158,100657645,51,0.09803921568627451,0.09803921568627451,Y,0-40%,True,No_check_possible,No_check_possible,No_check_possible,No_check_possible
2159,101502676,60,0.31666666666666665,0.7666666666666667,Y,0-40%,True,No_check_possible,No_check_possible,No_check_possible,No_check_possible
2160,11303201,31,0.0967741935483871,0.0967741935483871,Y,0-40%,True,No_check_possible,No_check_possible,No_check_possible,No_check_possible
2161,42123156,60,0.05,0.06666666666666667,Y,0-40%,True,No_check_possible,No_check_possible,No_check_possible,No_check_possible
2162,42209771,38,0.10526315789473684,0.10526315789473684,Y,0-40%,True,No_check_possible,No_check_possible,No_check_possible,No_check_possible
2163,100269989,56,0.03571428571428571,0.03571428571428571,Y,0-40%,True,No_check_possible,No_check_possible,No_check_possible,No_check_possible
2164,49355749,41,0.07317073170731707,0.07317073170731707,Y,0-40%,True,No_check_possible,No_check_possible,No_check_possible,No_check_possible
2165,100711798,40,0.05,0.05,Y,0-40%,True,No_check_possible,No_check_possible,No_check_possible,No_check_possible
2166,42139532,38,0.05263157894736842,0.05263157894736842,Y,0-40%,True,No_check_possible,No_check_possible,No_check_possible,No_check_possible
2167,102535667,9,0.2222222222222222,0.2222222222222222,N,Not_Applicable(<30 pts),No_check_possible,No_check_possible,No_check_possible,No_check_possible,No_check_possible
2168,100743412,12,0.16666666666666666,0.16666666666666666,N,Not_Applicable(<30 pts),No_check_possible,No_check_possible,No_check_possible,No_check_possible,No_check_possible
2169,42146821,53,0.03773584905660377,0.07547169811320754,Y,0-40%,True,No_check_possible,No_check_possible,No_check_possible,No_check_possible
2170,11518610,52,0.038461538461538464,0.3269230769230769,Y,0-40%,True,No_check_possible,No_check_possible,No_check_possible,No_check_possible
2171,11669476,61,0.14754098360655737,1.2295081967213115,Y,0-40%,True,No_check_possible,No_check_possible,No_check_possible,No_check_possible
2172,100660298,54,0.05555555555555555,0.05555555555555555,Y,0-40%,True,No_check_possible,No_check_possible,No_check_possible,No_check_possible
2173,42224027,3,0.6666666666666666,1.3333333333333333,N,Not_Applicable(<30 pts),No_check_possible,No_check_possible,No_check_possible,No_check_possible,No_check_possible
2174,100591186,48,0.10416666666666667,0.10416666666666667,Y,0-40%,True,No_check_possible,No_check_possible,No_check_possible,No_check_possible
2175,37466868,4,0.5,0.5,N,Not_Applicable(<30 pts),No_check_possible,No_check_possible,No_check_possible,No_check_possible,No_check_possible
2176,100577500,4,0.5,0.75,N,Not_Applicable(<30 pts),No_check_possible,No_check_possible,No_check_possible,No_check_possible,No_check_possible
2177,101426814,64,0.0625,0.09375,Y,0-40%,True,No_check_possible,No_check_possible,No_check_possible,No_check_possible
2178,100791152,18,0.2222222222222222,0.3333333333333333,N,Not_Applicable(<30 pts),No_check_possible,No_check_possible,No_check_possible,No_check_possible,No_check_possible
2179,42223731,48,0.041666666666666664,0.0625,Y,0-40%,True,No_check_possible,No_check_possible,No_check_possible,No_check_possible
2180,102366014,25,0.08,0.12,N,Not_Applicable(<30 pts),No_check_possible,No_check_possible,No_check_possible,No_check_possible,No_check_possible
2181,102059978,20,0.1,0.2,N,Not_Applicable(<30 pts),No_check_possible,No_check_possible,No_check_possible,No_check_possible,No_check_possible
2182,100579773,65,0.046153846153846156,0.07692307692307693,Y,0-40%,True,No_check_possible,No_check_possible,No_check_possible,No_check_possible
2183,101502230,51,0.0392156862745098,0.058823529411764705,Y,0-40%,True,No_check_possible,No_check_possible,No_check_possible,No_check_possible
2184,102189587,16,0.125,0.125,N,Not_Applicable(<30 pts),No_check_possible,No_check_possible,No_check_possible,No_check_possible,No_check_possible
2185,102331318,13,0.15384615384615385,0.15384615384615385,N,Not_Applicable(<30 pts),No_check_possible,No_check_possible,No_check_possible,No_check_possible,No_check_possible
2186,100567491,5,0.4,0.4,N,Not_Applicable(<30 pts),No_check_possible,No_check_possible,No_check_possible,No_check_possible,No_check_possible
2187,100172900,36,0.08333333333333333,0.08333333333333333,Y,0-40%,True,No_check_possible,No_check_possible,No_check_possible,No_check_possible
2188,100743105,19,0.15789473684210525,0.15789473684210525,N,Not_Applicable(<30 pts),No_check_possible,No_check_possible,No_check_possible,No_check_possible,No_check_possible
2189,11070867,13,0.15384615384615385,0.15384615384615385,N,Not_Applicable(<30 pts),No_check_possible,No_check_possible,No_check_possible,No_check_possible,No_check_possible
2190,15727605,48,0.20833333333333334,0.25,Y,0-40%,True,No_check_possible,No_check_possible,No_check_possible,No_check_possible
2191,37532338,5,0.6,8.4,N,Not_Applicable(<30 pts),No_check_possible,No_check_possible,No_check_possible,No_check_possible,No_check_possible
2192,15727483,20,0.15,0.2,N,Not_Applicable(<30 pts),No_check_possible,No_check_possible,No_check_possible,No_check_possible,No_check_possible
2193,102216687,55,0.05454545454545454,0.05454545454545454,Y,0-40%,True,No_check_possible,No_check_possible,No_check_possible,No_check_possible
2194,11040692,54,0.09259259259259259,0.16666666666666666,Y,0-40%,True,No_check_possible,No_check_possible,No_check_possible,No_check_possible
2195,11320226,26,0.07692307692307693,0.07692307692307693,N,Not_Applicable(<30 pts),No_check_possible,No_check_possible,No_check_possible,No_check_possible,No_check_possible
2196,11622708,56,0.08928571428571429,0.08928571428571429,Y,0-40%,True,No_check_possible,No_check_possible,No_check_possible,No_check_possible
2197,15728535,55,0.16363636363636364,0.7636363636363637,Y,0-40%,True,No_check_possible,No_check_possible,No_check_possible,No_check_possible
2198,15736941,59,0.13559322033898305,0.3389830508474576,Y,0-40%,True,No_check_possible,No_check_possible,No_check_possible,No_check_possible
2199,41987644,25,0.16,0.16,N,Not_Applicable(<30 pts),No_check_possible,No_check_possible,No_check_possible,No_check_possible,No_check_possible
2200,49049241,11,0.18181818181818182,0.18181818181818182,N,Not_Applicable(<30 pts),No_check_possible,No_check_possible,No_check_possible,No_check_possible,No_check_possible
2201,49048925,21,0.09523809523809523,0.14285714285714285,N,Not_Applicable(<30 pts),No_check_possible,No_check_possible,No_check_possible,No_check_possible,No_check_possible
2202,15727959,3,0.6666666666666666,0.6666666666666666,N,Not_Applicable(<30 pts),No_check_possible,No_check_possible,No_check_possible,No_check_possible,No_check_possible
2203,15735489,2,0.5,1.0,N,Not_Applicable(<30 pts),No_check_possible,No_check_possible,No_check_possible,No_check_possible,No_check_possible
2204,16085536,55,0.09090909090909091,0.21818181818181817,Y,0-40%,True,No_check_possible,No_check_possible,No_check_possible,No_check_possible
2205,11023507,28,0.07142857142857142,0.07142857142857142,N,Not_Applicable(<30 pts),No_check_possible,No_check_possible,No_check_possible,No_check_possible,No_check_possible
2206,11341669,26,0.07692307692307693,0.07692307692307693,N,Not_Applicable(<30 pts),No_check_possible,No_check_possible,No_check_possible,No_check_possible,No_check_possible
2207,100431783,61,0.06557377049180328,0.08196721311475409,Y,0-40%,True,No_check_possible,No_check_possible,No_check_possible,No_check_possible
2208,11087050,62,0.04838709677419355,0.04838709677419355,Y,0-40%,True,No_check_possible,No_check_possible,No_check_possible,No_check_possible
2209,11676354,46,0.1956521739130435,0.3695652173913043,Y,0-40%,True,No_check_possible,No_check_possible,No_check_possible,No_check_possible
2210,100462163,23,0.08695652173913043,0.08695652173913043,N,Not_Applicable(<30 pts),No_check_possible,No_check_possible,No_check_possible,No_check_possible,No_check_possible
2211,101871398,19,0.15789473684210525,0.5789473684210527,N,Not_Applicable(<30 pts),No_check_possible,No_check_possible,No_check_possible,No_check_possible,No_check_possible
2212,42148354,25,0.16,0.16,N,Not_Applicable(<30 pts),No_check_possible,No_check_possible,No_check_possible,No_check_possible,No_check_possible
2213,11311893,5,0.8,1.6,N,Not_Applicable(<30 pts),No_check_possible,No_check_possible,No_check_possible,No_check_possible,No_check_possible
2214,11694512,4,0.75,0.75,N,Not_Applicable(<30 pts),No_check_possible,No_check_possible,No_check_possible,No_check_possible,No_check_possible
2215,11502150,51,0.11764705882352941,0.5294117647058824,Y,0-40%,True,No_check_possible,No_check_possible,No_check_possible,No_check_possible
2216,100414879,40,0.025,0.2,Y,0-40%,True,No_check_possible,No_check_possible,No_check_possible,No_check_possible
2217,11686254,65,0.046153846153846156,0.046153846153846156,Y,0-40%,True,No_check_possible,No_check_possible,No_check_possible,No_check_possible
2218,100563398,63,0.14285714285714285,0.3968253968253968,Y,0-40%,True,No_check_possible,No_check_possible,No_check_possible,No_check_possible
2219,42300359,31,0.0967741935483871,32.25806451612903,Y,0-40%,True,No_check_possible,No_check_possible,No_check_possible,No_check_possible
2220,37459653,31,0.12903225806451613,104.83870967741936,Y,0-40%,True,No_check_possible,No_check_possible,No_check_possible,No_check_possible
2221,15727589,20,0.1,0.15,N,Not_Applicable(<30 pts),No_check_possible,No_check_possible,No_check_possible,No_check_possible,No_check_possible
2222,42151855,46,0.2826086956521739,0.30434782608695654,Y,0-40%,True,No_check_possible,No_check_possible,No_check_possible,No_check_possible
2223,11017893,55,0.05454545454545454,0.05454545454545454,Y,0-40%,True,No_check_possible,No_check_possible,No_check_possible,No_check_possible
2224,11028333,19,0.10526315789473684,0.15789473684210525,N,Not_Applicable(<30 pts),No_check_possible,No_check_possible,No_check_possible,No_check_possible,No_check_possible
2225,100641197,48,0.08333333333333333,1.6666666666666667,Y,0-40%,True,No_check_possible,No_check_possible,No_check_possible,No_check_possible
2226,102324912,62,0.04838709677419355,0.12903225806451613,Y,0-40%,True,No_check_possible,No_check_possible,No_check_possible,No_check_possible
2227,11602245,32,0.0625,0.09375,Y,0-40%,True,No_check_possible,No_check_possible,No_check_possible,No_check_possible
2228,42221979,51,0.0392156862745098,0.0392156862745098,Y,0-40%,True,No_check_possible,No_check_possible,No_check_possible,No_check_possible
2229,16749648,33,0.06060606060606061,0.06060606060606061,Y,0-40%,True,No_check_possible,No_check_possible,No_check_possible,No_check_possible
2230,102140192,34,0.08823529411764706,0.11764705882352941,Y,0-40%,True,No_check_possible,No_check_possible,No_check_possible,No_check_possible
2231,100559679,49,0.061224489795918366,0.061224489795918366,Y,0-40%,True,No_check_possible,No_check_possible,No_check_possible,No_check_possible
2232,1041420,30,0.03333333333333333,0.06666666666666667,Y,0-40%,True,No_check_possible,No_check_possible,No_check_possible,No_check_possible
2233,102489367,50,0.06,0.08,Y,0-40%,True,No_check_possible,No_check_possible,No_check_possible,No_check_possible
2234,42154193,18,0.1111111111111111,0.1111111111111111,N,Not_Applicable(<30 pts),No_check_possible,No_check_possible,No_check_possible,No_check_possible,No_check_possible
2235,15951400,53,0.07547169811320754,0.37735849056603776,Y,0-40%,True,No_check_possible,No_check_possible,No_check_possible,No_check_possible
2236,102365738,36,0.05555555555555555,0.05555555555555555,Y,0-40%,True,No_check_possible,No_check_possible,No_check_possible,No_check_possible
2237,11700343,48,0.1875,0.375,Y,0-40%,True,No_check_possible,No_check_possible,No_check_possible,No_check_possible
2238,100663279,59,0.06779661016949153,0.06779661016949153,Y,0-40%,False,trend-non-stationary,1,seasonal_stationary,0
2239,37458421,31,0.06451612903225806,6.451612903225806,Y,0-40%,True,No_check_possible,No_check_possible,No_check_possible,No_check_possible
2240,49122744,56,0.03571428571428571,0.03571428571428571,Y,0-40%,True,No_check_possible,No_check_possible,No_check_possible,No_check_possible
2241,11342480,23,0.08695652173913043,0.08695652173913043,N,Not_Applicable(<30 pts),No_check_possible,No_check_possible,No_check_possible,No_check_possible,No_check_possible
2242,14298823,22,0.18181818181818182,2.8181818181818183,N,Not_Applicable(<30 pts),No_check_possible,No_check_possible,No_check_possible,No_check_possible,No_check_possible
2243,100525254,57,0.21052631578947367,0.22807017543859648,Y,0-40%,True,No_check_possible,No_check_possible,No_check_possible,No_check_possible
2244,42123899,55,0.09090909090909091,0.14545454545454545,Y,0-40%,True,No_check_possible,No_check_possible,No_check_possible,No_check_possible
2245,15726943,48,0.041666666666666664,0.0625,Y,0-40%,True,No_check_possible,No_check_possible,No_check_possible,No_check_possible
2246,11674802,54,0.07407407407407407,0.14814814814814814,Y,0-40%,True,No_check_possible,No_check_possible,No_check_possible,No_check_possible
2247,42216859,59,0.06779661016949153,0.15254237288135594,Y,0-40%,True,No_check_possible,No_check_possible,No_check_possible,No_check_possible
2248,11545933,54,0.037037037037037035,0.05555555555555555,Y,0-40%,True,No_check_possible,No_check_possible,No_check_possible,No_check_possible
2249,42155765,39,0.05128205128205128,0.05128205128205128,Y,0-40%,True,No_check_possible,No_check_possible,No_check_possible,No_check_possible
2250,25791157,7,0.2857142857142857,0.2857142857142857,N,Not_Applicable(<30 pts),No_check_possible,No_check_possible,No_check_possible,No_check_possible,No_check_possible
2251,42212994,21,0.14285714285714285,0.14285714285714285,N,Not_Applicable(<30 pts),No_check_possible,No_check_possible,No_check_possible,No_check_possible,No_check_possible
2252,11661598,66,0.10606060606060606,0.10606060606060606,Y,0-40%,True,No_check_possible,No_check_possible,No_check_possible,No_check_possible
2253,16297712,63,0.047619047619047616,0.047619047619047616,Y,0-40%,True,No_check_possible,No_check_possible,No_check_possible,No_check_possible
2254,11118344,29,0.06896551724137931,0.06896551724137931,N,Not_Applicable(<30 pts),No_check_possible,No_check_possible,No_check_possible,No_check_possible,No_check_possible
2255,11233237,63,0.047619047619047616,0.047619047619047616,Y,0-40%,True,No_check_possible,No_check_possible,No_check_possible,No_check_possible
2256,11286105,63,0.2222222222222222,0.42857142857142855,Y,0-40%,True,No_check_possible,No_check_possible,No_check_possible,No_check_possible
2257,11200568,53,0.07547169811320754,0.3584905660377358,Y,0-40%,True,No_check_possible,No_check_possible,No_check_possible,No_check_possible
2258,16248908,37,0.08108108108108109,0.13513513513513514,Y,0-40%,True,No_check_possible,No_check_possible,No_check_possible,No_check_possible
2259,16825245,64,0.078125,0.09375,Y,0-40%,True,No_check_possible,No_check_possible,No_check_possible,No_check_possible
2260,42222680,60,0.13333333333333333,0.18333333333333332,Y,0-40%,True,No_check_possible,No_check_possible,No_check_possible,No_check_possible
2261,15727409,26,0.11538461538461539,0.2692307692307692,N,Not_Applicable(<30 pts),No_check_possible,No_check_possible,No_check_possible,No_check_possible,No_check_possible
2262,15727417,47,0.0425531914893617,0.10638297872340426,Y,0-40%,True,No_check_possible,No_check_possible,No_check_possible,No_check_possible
2263,15732349,26,0.07692307692307693,0.15384615384615385,N,Not_Applicable(<30 pts),No_check_possible,No_check_possible,No_check_possible,No_check_possible,No_check_possible
2264,15601023,49,0.061224489795918366,0.16326530612244897,Y,0-40%,True,No_check_possible,No_check_possible,No_check_possible,No_check_possible
2265,15732395,59,0.05084745762711865,0.0847457627118644,Y,0-40%,True,No_check_possible,No_check_possible,No_check_possible,No_check_possible
2266,15729265,60,0.15,0.3,Y,0-40%,True,No_check_possible,No_check_possible,No_check_possible,No_check_possible
2267,11021413,26,0.07692307692307693,0.15384615384615385,N,Not_Applicable(<30 pts),No_check_possible,No_check_possible,No_check_possible,No_check_possible,No_check_possible
2268,11521981,61,0.09836065573770492,0.21311475409836064,Y,0-40%,True,No_check_possible,No_check_possible,No_check_possible,No_check_possible
2269,11646086,55,0.03636363636363636,0.05454545454545454,Y,0-40%,True,No_check_possible,No_check_possible,No_check_possible,No_check_possible
2270,11692257,56,0.19642857142857142,0.48214285714285715,Y,0-40%,True,No_check_possible,No_check_possible,No_check_possible,No_check_possible
2271,11670205,50,0.08,0.18,Y,0-40%,True,No_check_possible,No_check_possible,No_check_possible,No_check_possible
2272,37531994,17,0.11764705882352941,0.23529411764705882,N,Not_Applicable(<30 pts),No_check_possible,No_check_possible,No_check_possible,No_check_possible,No_check_possible
2273,42155358,26,0.19230769230769232,0.2692307692307692,N,Not_Applicable(<30 pts),No_check_possible,No_check_possible,No_check_possible,No_check_possible,No_check_possible
2274,100005980,40,0.075,0.15,Y,0-40%,True,No_check_possible,No_check_possible,No_check_possible,No_check_possible
2275,100199068,23,0.13043478260869565,0.17391304347826086,N,Not_Applicable(<30 pts),No_check_possible,No_check_possible,No_check_possible,No_check_possible,No_check_possible
2276,100199536,59,0.03389830508474576,0.05084745762711865,Y,0-40%,True,No_check_possible,No_check_possible,No_check_possible,No_check_possible
2277,100453192,33,0.09090909090909091,0.15151515151515152,Y,0-40%,True,No_check_possible,No_check_possible,No_check_possible,No_check_possible
2278,100630529,34,0.11764705882352941,0.3235294117647059,Y,0-40%,True,No_check_possible,No_check_possible,No_check_possible,No_check_possible
2279,42155509,34,0.08823529411764706,0.11764705882352941,Y,0-40%,True,No_check_possible,No_check_possible,No_check_possible,No_check_possible
2280,102074628,27,0.1111111111111111,0.18518518518518517,N,Not_Applicable(<30 pts),No_check_possible,No_check_possible,No_check_possible,No_check_possible,No_check_possible
2281,100727871,14,0.14285714285714285,0.21428571428571427,N,Not_Applicable(<30 pts),No_check_possible,No_check_possible,No_check_possible,No_check_possible,No_check_possible
2282,102059930,27,0.07407407407407407,0.1111111111111111,N,Not_Applicable(<30 pts),No_check_possible,No_check_possible,No_check_possible,No_check_possible,No_check_possible
2283,102530188,59,0.1016949152542373,0.1694915254237288,Y,0-40%,True,No_check_possible,No_check_possible,No_check_possible,No_check_possible
2284,11671325,7,0.2857142857142857,0.42857142857142855,N,Not_Applicable(<30 pts),No_check_possible,No_check_possible,No_check_possible,No_check_possible,No_check_possible
2285,11689596,49,0.04081632653061224,0.08163265306122448,Y,0-40%,True,No_check_possible,No_check_possible,No_check_possible,No_check_possible
2286,11697168,62,0.20967741935483872,0.3548387096774194,Y,0-40%,True,No_check_possible,No_check_possible,No_check_possible,No_check_possible
2287,15960293,11,0.09090909090909091,0.18181818181818182,N,Not_Applicable(<30 pts),No_check_possible,No_check_possible,No_check_possible,No_check_possible,No_check_possible
2288,16097233,65,0.07692307692307693,0.18461538461538463,Y,0-40%,True,No_check_possible,No_check_possible,No_check_possible,No_check_possible
2289,42076989,47,0.1702127659574468,0.425531914893617,Y,0-40%,True,No_check_possible,No_check_possible,No_check_possible,No_check_possible
2290,42205784,9,0.1111111111111111,0.2222222222222222,N,Not_Applicable(<30 pts),No_check_possible,No_check_possible,No_check_possible,No_check_possible,No_check_possible
2291,42203517,62,0.14516129032258066,0.27419354838709675,Y,0-40%,True,No_check_possible,No_check_possible,No_check_possible,No_check_possible
2292,42153342,34,0.058823529411764705,0.11764705882352941,Y,0-40%,True,No_check_possible,No_check_possible,No_check_possible,No_check_possible
2293,42297456,34,0.058823529411764705,0.11764705882352941,Y,0-40%,True,No_check_possible,No_check_possible,No_check_possible,No_check_possible
2294,42214957,65,0.046153846153846156,0.06153846153846154,Y,0-40%,True,No_check_possible,No_check_possible,No_check_possible,No_check_possible
2295,11700292,63,0.047619047619047616,0.06349206349206349,Y,0-40%,True,No_check_possible,No_check_possible,No_check_possible,No_check_possible
2296,42153620,24,0.08333333333333333,0.125,N,Not_Applicable(<30 pts),No_check_possible,No_check_possible,No_check_possible,No_check_possible,No_check_possible
2297,49105457,52,0.07692307692307693,0.09615384615384616,Y,0-40%,True,No_check_possible,No_check_possible,No_check_possible,No_check_possible
2298,101800270,49,0.08163265306122448,0.10204081632653061,Y,0-40%,True,No_check_possible,No_check_possible,No_check_possible,No_check_possible
2299,101800396,58,0.10344827586206896,0.1206896551724138,Y,0-40%,True,No_check_possible,No_check_possible,No_check_possible,No_check_possible
2300,42307510,27,0.14814814814814814,0.2222222222222222,N,Not_Applicable(<30 pts),No_check_possible,No_check_possible,No_check_possible,No_check_possible,No_check_possible
2301,11340814,55,0.09090909090909091,0.16363636363636364,Y,0-40%,True,No_check_possible,No_check_possible,No_check_possible,No_check_possible
2302,100697405,15,0.13333333333333333,0.9333333333333333,N,Not_Applicable(<30 pts),No_check_possible,No_check_possible,No_check_possible,No_check_possible,No_check_possible
2303,11249759,11,0.18181818181818182,0.18181818181818182,N,Not_Applicable(<30 pts),No_check_possible,No_check_possible,No_check_possible,No_check_possible,No_check_possible
2304,14741950,23,0.08695652173913043,0.13043478260869565,N,Not_Applicable(<30 pts),No_check_possible,No_check_possible,No_check_possible,No_check_possible,No_check_possible
2305,42153976,36,0.1111111111111111,0.1111111111111111,Y,0-40%,True,No_check_possible,No_check_possible,No_check_possible,No_check_possible
2306,41987518,35,0.05714285714285714,0.05714285714285714,Y,0-40%,True,No_check_possible,No_check_possible,No_check_possible,No_check_possible
2307,100774813,33,0.030303030303030304,0.030303030303030304,Y,0-40%,True,No_check_possible,No_check_possible,No_check_possible,No_check_possible
2308,42139635,61,0.08196721311475409,0.5409836065573771,Y,0-40%,True,No_check_possible,No_check_possible,No_check_possible,No_check_possible
2309,11447360,59,0.03389830508474576,0.05084745762711865,Y,0-40%,True,No_check_possible,No_check_possible,No_check_possible,No_check_possible
2310,100840574,32,0.03125,0.1875,Y,0-40%,True,No_check_possible,No_check_possible,No_check_possible,No_check_possible
2311,100672087,39,0.05128205128205128,0.05128205128205128,Y,0-40%,True,No_check_possible,No_check_possible,No_check_possible,No_check_possible
2312,16310301,62,0.16129032258064516,0.3225806451612903,Y,0-40%,True,No_check_possible,No_check_possible,No_check_possible,No_check_possible
2313,15496976,59,0.05084745762711865,0.05084745762711865,Y,0-40%,True,No_check_possible,No_check_possible,No_check_possible,No_check_possible
2314,101446767,19,0.10526315789473684,0.15789473684210525,N,Not_Applicable(<30 pts),No_check_possible,No_check_possible,No_check_possible,No_check_possible,No_check_possible
2315,101899879,40,0.1,0.125,Y,0-40%,True,No_check_possible,No_check_possible,No_check_possible,No_check_possible
2316,100602956,56,0.017857142857142856,0.017857142857142856,Y,0-40%,True,No_check_possible,No_check_possible,No_check_possible,No_check_possible
2317,100774404,64,0.15625,0.359375,Y,0-40%,True,No_check_possible,No_check_possible,No_check_possible,No_check_possible
2318,100663321,12,0.16666666666666666,0.25,N,Not_Applicable(<30 pts),No_check_possible,No_check_possible,No_check_possible,No_check_possible,No_check_possible
2319,11374959,46,0.15217391304347827,0.9565217391304348,Y,0-40%,True,No_check_possible,No_check_possible,No_check_possible,No_check_possible
2320,49105815,45,0.08888888888888889,0.1111111111111111,Y,0-40%,True,No_check_possible,No_check_possible,No_check_possible,No_check_possible
2321,18298942,34,0.11764705882352941,0.11764705882352941,Y,0-40%,True,No_check_possible,No_check_possible,No_check_possible,No_check_possible
2322,11368185,33,0.06060606060606061,0.06060606060606061,Y,0-40%,True,No_check_possible,No_check_possible,No_check_possible,No_check_possible
2323,11058169,23,0.08695652173913043,0.13043478260869565,N,Not_Applicable(<30 pts),No_check_possible,No_check_possible,No_check_possible,No_check_possible,No_check_possible
2324,11200221,25,0.08,0.12,N,Not_Applicable(<30 pts),No_check_possible,No_check_possible,No_check_possible,No_check_possible,No_check_possible
2325,37458597,10,0.2,0.2,N,Not_Applicable(<30 pts),No_check_possible,No_check_possible,No_check_possible,No_check_possible,No_check_possible
2326,11284387,3,0.6666666666666666,6.666666666666667,N,Not_Applicable(<30 pts),No_check_possible,No_check_possible,No_check_possible,No_check_possible,No_check_possible
2327,11379137,5,0.4,0.4,N,Not_Applicable(<30 pts),No_check_possible,No_check_possible,No_check_possible,No_check_possible,No_check_possible
2328,11236737,54,0.018518518518518517,0.018518518518518517,Y,0-40%,True,No_check_possible,No_check_possible,No_check_possible,No_check_possible
2329,11592507,20,0.1,0.15,N,Not_Applicable(<30 pts),No_check_possible,No_check_possible,No_check_possible,No_check_possible,No_check_possible
2330,11666966,51,0.0784313725490196,0.09803921568627451,Y,0-40%,True,No_check_possible,No_check_possible,No_check_possible,No_check_possible
2331,11157828,7,0.8571428571428571,5.714285714285714,N,Not_Applicable(<30 pts),No_check_possible,No_check_possible,No_check_possible,No_check_possible,No_check_possible
2332,12466289,46,0.043478260869565216,0.06521739130434782,Y,0-40%,True,No_check_possible,No_check_possible,No_check_possible,No_check_possible
2333,42227644,54,0.05555555555555555,0.05555555555555555,Y,0-40%,True,No_check_possible,No_check_possible,No_check_possible,No_check_possible
2334,42139395,45,0.044444444444444446,0.044444444444444446,Y,0-40%,True,No_check_possible,No_check_possible,No_check_possible,No_check_possible
2335,11592995,52,0.1346153846153846,1.3846153846153846,Y,0-40%,True,No_check_possible,No_check_possible,No_check_possible,No_check_possible
2336,16741208,10,0.2,0.2,N,Not_Applicable(<30 pts),No_check_possible,No_check_possible,No_check_possible,No_check_possible,No_check_possible
2337,13479164,59,0.11864406779661017,0.288135593220339,Y,0-40%,True,No_check_possible,No_check_possible,No_check_possible,No_check_possible
2338,11653004,46,0.15217391304347827,0.2391304347826087,Y,0-40%,True,No_check_possible,No_check_possible,No_check_possible,No_check_possible
2339,101798567,3,0.6666666666666666,0.6666666666666666,N,Not_Applicable(<30 pts),No_check_possible,No_check_possible,No_check_possible,No_check_possible,No_check_possible
2340,101921714,14,0.2857142857142857,0.35714285714285715,N,Not_Applicable(<30 pts),No_check_possible,No_check_possible,No_check_possible,No_check_possible,No_check_possible
2341,16479681,6,0.3333333333333333,0.3333333333333333,N,Not_Applicable(<30 pts),No_check_possible,No_check_possible,No_check_possible,No_check_possible,No_check_possible
2342,42262950,4,0.5,0.5,N,Not_Applicable(<30 pts),No_check_possible,No_check_possible,No_check_possible,No_check_possible,No_check_possible
2343,100528440,10,0.2,0.2,N,Not_Applicable(<30 pts),No_check_possible,No_check_possible,No_check_possible,No_check_possible,No_check_possible
2344,100366830,8,0.25,0.25,N,Not_Applicable(<30 pts),No_check_possible,No_check_possible,No_check_possible,No_check_possible,No_check_possible
2345,102270610,38,0.05263157894736842,0.05263157894736842,Y,0-40%,True,No_check_possible,No_check_possible,No_check_possible,No_check_possible
2346,102499093,40,0.075,0.075,Y,0-40%,True,No_check_possible,No_check_possible,No_check_possible,No_check_possible
2347,101858329,15,0.13333333333333333,0.13333333333333333,N,Not_Applicable(<30 pts),No_check_possible,No_check_possible,No_check_possible,No_check_possible,No_check_possible
2348,14483117,54,0.05555555555555555,0.05555555555555555,Y,0-40%,True,No_check_possible,No_check_possible,No_check_possible,No_check_possible
2349,102059850,58,0.15517241379310345,0.1896551724137931,Y,0-40%,True,No_check_possible,No_check_possible,No_check_possible,No_check_possible
2350,14003676,32,0.125,0.125,Y,0-40%,True,No_check_possible,No_check_possible,No_check_possible,No_check_possible
2351,42146261,54,0.037037037037037035,0.037037037037037035,Y,0-40%,True,No_check_possible,No_check_possible,No_check_possible,No_check_possible
2352,12670126,17,0.11764705882352941,0.11764705882352941,N,Not_Applicable(<30 pts),No_check_possible,No_check_possible,No_check_possible,No_check_possible,No_check_possible
2353,102524904,9,0.2222222222222222,0.2222222222222222,N,Not_Applicable(<30 pts),No_check_possible,No_check_possible,No_check_possible,No_check_possible,No_check_possible
2354,11361899,12,0.16666666666666666,0.16666666666666666,N,Not_Applicable(<30 pts),No_check_possible,No_check_possible,No_check_possible,No_check_possible,No_check_possible
2355,16418776,55,0.10909090909090909,0.2727272727272727,Y,0-40%,True,No_check_possible,No_check_possible,No_check_possible,No_check_possible
2356,11350621,62,0.03225806451612903,0.03225806451612903,Y,0-40%,True,No_check_possible,No_check_possible,No_check_possible,No_check_possible
2357,101820792,58,0.06896551724137931,0.3793103448275862,Y,0-40%,True,No_check_possible,No_check_possible,No_check_possible,No_check_possible
2358,100494365,59,0.05084745762711865,0.06779661016949153,Y,0-40%,True,No_check_possible,No_check_possible,No_check_possible,No_check_possible
2359,100620772,22,0.13636363636363635,0.22727272727272727,N,Not_Applicable(<30 pts),No_check_possible,No_check_possible,No_check_possible,No_check_possible,No_check_possible
2360,37445106,62,0.12903225806451613,0.43548387096774194,Y,0-40%,True,No_check_possible,No_check_possible,No_check_possible,No_check_possible
2361,11705377,29,0.10344827586206896,0.1724137931034483,N,Not_Applicable(<30 pts),No_check_possible,No_check_possible,No_check_possible,No_check_possible,No_check_possible
2362,13728293,59,0.06779661016949153,0.06779661016949153,Y,0-40%,True,No_check_possible,No_check_possible,No_check_possible,No_check_possible
2363,15734573,57,0.10526315789473684,0.12280701754385964,Y,0-40%,True,No_check_possible,No_check_possible,No_check_possible,No_check_possible
2364,15727243,54,0.16666666666666666,0.16666666666666666,Y,0-40%,True,No_check_possible,No_check_possible,No_check_possible,No_check_possible
2365,100150393,5,0.6,0.6,N,Not_Applicable(<30 pts),No_check_possible,No_check_possible,No_check_possible,No_check_possible,No_check_possible
2366,100663325,7,0.14285714285714285,0.14285714285714285,N,Not_Applicable(<30 pts),No_check_possible,No_check_possible,No_check_possible,No_check_possible,No_check_possible
2367,11608701,64,0.0625,4.703125,Y,0-40%,True,No_check_possible,No_check_possible,No_check_possible,No_check_possible
2368,15736115,11,0.18181818181818182,0.18181818181818182,N,Not_Applicable(<30 pts),No_check_possible,No_check_possible,No_check_possible,No_check_possible,No_check_possible
2369,15735701,60,0.05,0.05,Y,0-40%,True,No_check_possible,No_check_possible,No_check_possible,No_check_possible
2370,100071966,17,0.17647058823529413,0.17647058823529413,N,Not_Applicable(<30 pts),No_check_possible,No_check_possible,No_check_possible,No_check_possible,No_check_possible
2371,100525414,57,0.05263157894736842,0.12280701754385964,Y,0-40%,True,No_check_possible,No_check_possible,No_check_possible,No_check_possible
2372,100085347,39,0.05128205128205128,0.1794871794871795,Y,0-40%,True,No_check_possible,No_check_possible,No_check_possible,No_check_possible
2373,11027151,63,0.12698412698412698,0.3492063492063492,Y,0-40%,True,No_check_possible,No_check_possible,No_check_possible,No_check_possible
2374,11284131,19,0.21052631578947367,0.21052631578947367,N,Not_Applicable(<30 pts),No_check_possible,No_check_possible,No_check_possible,No_check_possible,No_check_possible
2375,11378225,53,0.07547169811320754,0.24528301886792453,Y,0-40%,True,No_check_possible,No_check_possible,No_check_possible,No_check_possible
2376,15733109,27,0.07407407407407407,0.07407407407407407,N,Not_Applicable(<30 pts),No_check_possible,No_check_possible,No_check_possible,No_check_possible,No_check_possible
2377,100009376,53,0.1320754716981132,0.20754716981132076,Y,0-40%,True,No_check_possible,No_check_possible,No_check_possible,No_check_possible
2378,15727811,35,0.05714285714285714,0.05714285714285714,Y,0-40%,True,No_check_possible,No_check_possible,No_check_possible,No_check_possible
2379,15728109,11,0.2727272727272727,0.2727272727272727,N,Not_Applicable(<30 pts),No_check_possible,No_check_possible,No_check_possible,No_check_possible,No_check_possible
2380,11293094,64,0.0625,0.109375,Y,0-40%,True,No_check_possible,No_check_possible,No_check_possible,No_check_possible
2381,11468427,32,0.09375,0.15625,Y,0-40%,True,No_check_possible,No_check_possible,No_check_possible,No_check_possible
2382,16042765,48,0.08333333333333333,0.10416666666666667,Y,0-40%,True,No_check_possible,No_check_possible,No_check_possible,No_check_possible
2383,100485383,12,0.08333333333333333,0.08333333333333333,N,Not_Applicable(<30 pts),No_check_possible,No_check_possible,No_check_possible,No_check_possible,No_check_possible
2384,11230434,25,0.08,0.08,N,Not_Applicable(<30 pts),No_check_possible,No_check_possible,No_check_possible,No_check_possible,No_check_possible
2385,42209818,35,0.11428571428571428,0.11428571428571428,Y,0-40%,True,No_check_possible,No_check_possible,No_check_possible,No_check_possible
2386,15736701,50,0.08,0.08,Y,0-40%,True,No_check_possible,No_check_possible,No_check_possible,No_check_possible
2387,16555936,17,0.058823529411764705,0.058823529411764705,N,Not_Applicable(<30 pts),No_check_possible,No_check_possible,No_check_possible,No_check_possible,No_check_possible
2388,13803331,51,0.17647058823529413,0.23529411764705882,Y,0-40%,True,No_check_possible,No_check_possible,No_check_possible,No_check_possible
2389,37458436,38,0.05263157894736842,0.05263157894736842,Y,0-40%,True,No_check_possible,No_check_possible,No_check_possible,No_check_possible
2390,102495789,30,0.2,0.23333333333333334,Y,0-40%,True,No_check_possible,No_check_possible,No_check_possible,No_check_possible
2391,15560943,9,0.4444444444444444,0.7777777777777778,N,Not_Applicable(<30 pts),No_check_possible,No_check_possible,No_check_possible,No_check_possible,No_check_possible
2392,11082516,18,0.1111111111111111,0.1111111111111111,N,Not_Applicable(<30 pts),No_check_possible,No_check_possible,No_check_possible,No_check_possible,No_check_possible
2393,102074604,18,0.1111111111111111,0.16666666666666666,N,Not_Applicable(<30 pts),No_check_possible,No_check_possible,No_check_possible,No_check_possible,No_check_possible
2394,16946243,58,0.05172413793103448,0.05172413793103448,Y,0-40%,True,No_check_possible,No_check_possible,No_check_possible,No_check_possible
2395,11377995,20,0.1,0.1,N,Not_Applicable(<30 pts),No_check_possible,No_check_possible,No_check_possible,No_check_possible,No_check_possible
2396,49085922,18,0.1111111111111111,0.1111111111111111,N,Not_Applicable(<30 pts),No_check_possible,No_check_possible,No_check_possible,No_check_possible,No_check_possible
2397,16617026,46,0.13043478260869565,0.1956521739130435,Y,0-40%,True,No_check_possible,No_check_possible,No_check_possible,No_check_possible
2398,11460074,59,0.11864406779661017,0.13559322033898305,Y,0-40%,True,No_check_possible,No_check_possible,No_check_possible,No_check_possible
2399,42046883,63,0.09523809523809523,0.09523809523809523,Y,0-40%,True,No_check_possible,No_check_possible,No_check_possible,No_check_possible
2400,102066105,26,0.038461538461538464,0.11538461538461539,N,Not_Applicable(<30 pts),No_check_possible,No_check_possible,No_check_possible,No_check_possible,No_check_possible
2401,15735299,17,0.11764705882352941,0.11764705882352941,N,Not_Applicable(<30 pts),No_check_possible,No_check_possible,No_check_possible,No_check_possible,No_check_possible
2402,11026322,6,0.3333333333333333,0.3333333333333333,N,Not_Applicable(<30 pts),No_check_possible,No_check_possible,No_check_possible,No_check_possible,No_check_possible
2403,42077172,3,0.6666666666666666,0.6666666666666666,N,Not_Applicable(<30 pts),No_check_possible,No_check_possible,No_check_possible,No_check_possible,No_check_possible
2404,11330456,51,0.0784313725490196,0.1568627450980392,Y,0-40%,True,No_check_possible,No_check_possible,No_check_possible,No_check_possible
2405,16042733,12,0.16666666666666666,0.16666666666666666,N,Not_Applicable(<30 pts),No_check_possible,No_check_possible,No_check_possible,No_check_possible,No_check_possible
2406,101488266,7,0.2857142857142857,0.42857142857142855,N,Not_Applicable(<30 pts),No_check_possible,No_check_possible,No_check_possible,No_check_possible,No_check_possible
2407,11207472,53,0.09433962264150944,0.11320754716981132,Y,0-40%,True,No_check_possible,No_check_possible,No_check_possible,No_check_possible
2408,15727783,33,0.06060606060606061,0.06060606060606061,Y,0-40%,True,No_check_possible,No_check_possible,No_check_possible,No_check_possible
2409,42307761,54,0.037037037037037035,0.037037037037037035,Y,0-40%,True,No_check_possible,No_check_possible,No_check_possible,No_check_possible
2410,100029808,59,0.13559322033898305,0.4576271186440678,Y,0-40%,True,No_check_possible,No_check_possible,No_check_possible,No_check_possible
2411,42208191,12,0.16666666666666666,0.16666666666666666,N,Not_Applicable(<30 pts),No_check_possible,No_check_possible,No_check_possible,No_check_possible,No_check_possible
2412,101934527,51,0.058823529411764705,0.0784313725490196,Y,0-40%,True,No_check_possible,No_check_possible,No_check_possible,No_check_possible
2413,101900007,23,0.13043478260869565,0.21739130434782608,N,Not_Applicable(<30 pts),No_check_possible,No_check_possible,No_check_possible,No_check_possible,No_check_possible
2414,102075988,14,0.14285714285714285,0.2857142857142857,N,Not_Applicable(<30 pts),No_check_possible,No_check_possible,No_check_possible,No_check_possible,No_check_possible
2415,100453690,12,0.16666666666666666,0.16666666666666666,N,Not_Applicable(<30 pts),No_check_possible,No_check_possible,No_check_possible,No_check_possible,No_check_possible
2416,100156480,24,0.16666666666666666,0.3333333333333333,N,Not_Applicable(<30 pts),No_check_possible,No_check_possible,No_check_possible,No_check_possible,No_check_possible
2417,102737764,27,0.07407407407407407,0.07407407407407407,N,Not_Applicable(<30 pts),No_check_possible,No_check_possible,No_check_possible,No_check_possible,No_check_possible
2418,100847899,15,0.2,0.26666666666666666,N,Not_Applicable(<30 pts),No_check_possible,No_check_possible,No_check_possible,No_check_possible,No_check_possible
2419,42146618,39,0.07692307692307693,0.10256410256410256,Y,0-40%,True,No_check_possible,No_check_possible,No_check_possible,No_check_possible
2420,101935732,48,0.0625,0.08333333333333333,Y,0-40%,True,No_check_possible,No_check_possible,No_check_possible,No_check_possible
2421,101499762,35,0.14285714285714285,0.3142857142857143,Y,0-40%,True,No_check_possible,No_check_possible,No_check_possible,No_check_possible
2422,11208352,59,0.05084745762711865,0.05084745762711865,Y,0-40%,True,No_check_possible,No_check_possible,No_check_possible,No_check_possible
2423,11268052,6,0.16666666666666666,0.16666666666666666,N,Not_Applicable(<30 pts),No_check_possible,No_check_possible,No_check_possible,No_check_possible,No_check_possible
2424,16052312,32,0.09375,0.09375,Y,0-40%,True,No_check_possible,No_check_possible,No_check_possible,No_check_possible
2425,11019701,51,0.0784313725490196,0.0784313725490196,Y,0-40%,True,No_check_possible,No_check_possible,No_check_possible,No_check_possible
2426,16310298,57,0.03508771929824561,0.07017543859649122,Y,0-40%,True,No_check_possible,No_check_possible,No_check_possible,No_check_possible
2427,101820147,9,0.2222222222222222,0.2222222222222222,N,Not_Applicable(<30 pts),No_check_possible,No_check_possible,No_check_possible,No_check_possible,No_check_possible
2428,101909488,53,0.07547169811320754,0.07547169811320754,Y,0-40%,True,No_check_possible,No_check_possible,No_check_possible,No_check_possible
2429,101935022,64,0.109375,0.40625,Y,0-40%,True,No_check_possible,No_check_possible,No_check_possible,No_check_possible
2430,102066721,32,0.15625,0.21875,Y,0-40%,True,No_check_possible,No_check_possible,No_check_possible,No_check_possible
2431,13846905,62,0.03225806451612903,0.04838709677419355,Y,0-40%,True,No_check_possible,No_check_possible,No_check_possible,No_check_possible
2432,42142160,45,0.06666666666666667,0.17777777777777778,Y,0-40%,True,No_check_possible,No_check_possible,No_check_possible,No_check_possible
2433,100785428,57,0.07017543859649122,0.10526315789473684,Y,0-40%,True,No_check_possible,No_check_possible,No_check_possible,No_check_possible
2434,100644255,64,0.09375,0.09375,Y,0-40%,True,No_check_possible,No_check_possible,No_check_possible,No_check_possible
2435,100453652,60,0.16666666666666666,0.2833333333333333,Y,0-40%,False,trend-non-stationary,1,seasonal_stationary,0
2436,100453678,60,0.1,0.11666666666666667,Y,0-40%,True,No_check_possible,No_check_possible,No_check_possible,No_check_possible
2437,100453650,57,0.05263157894736842,0.05263157894736842,Y,0-40%,True,No_check_possible,No_check_possible,No_check_possible,No_check_possible
2438,100025933,25,0.16,0.2,N,Not_Applicable(<30 pts),No_check_possible,No_check_possible,No_check_possible,No_check_possible,No_check_possible
2439,42226470,58,0.10344827586206896,0.22413793103448276,Y,0-40%,True,No_check_possible,No_check_possible,No_check_possible,No_check_possible
2440,11476972,8,0.25,0.25,N,Not_Applicable(<30 pts),No_check_possible,No_check_possible,No_check_possible,No_check_possible,No_check_possible
2441,30444997,61,0.08196721311475409,0.18032786885245902,Y,0-40%,True,No_check_possible,No_check_possible,No_check_possible,No_check_possible
2442,42300163,53,0.09433962264150944,0.24528301886792453,Y,0-40%,True,No_check_possible,No_check_possible,No_check_possible,No_check_possible
2443,42204846,26,0.19230769230769232,0.46153846153846156,N,Not_Applicable(<30 pts),No_check_possible,No_check_possible,No_check_possible,No_check_possible,No_check_possible
2444,47299229,49,0.12244897959183673,0.24489795918367346,Y,0-40%,True,No_check_possible,No_check_possible,No_check_possible,No_check_possible
2445,42220506,61,0.09836065573770492,0.2459016393442623,Y,0-40%,True,No_check_possible,No_check_possible,No_check_possible,No_check_possible
2446,100663633,56,0.21428571428571427,0.5357142857142857,Y,0-40%,True,No_check_possible,No_check_possible,No_check_possible,No_check_possible
2447,16644650,49,0.12244897959183673,0.32653061224489793,Y,0-40%,True,No_check_possible,No_check_possible,No_check_possible,No_check_possible
2448,11140886,25,0.08,0.08,N,Not_Applicable(<30 pts),No_check_possible,No_check_possible,No_check_possible,No_check_possible,No_check_possible
2449,16310610,31,0.06451612903225806,0.06451612903225806,Y,0-40%,True,No_check_possible,No_check_possible,No_check_possible,No_check_possible
2450,15259092,55,0.2545454545454545,0.3090909090909091,Y,0-40%,True,No_check_possible,No_check_possible,No_check_possible,No_check_possible
2451,101426459,4,0.5,0.5,N,Not_Applicable(<30 pts),No_check_possible,No_check_possible,No_check_possible,No_check_possible,No_check_possible
2452,15727703,31,0.06451612903225806,0.06451612903225806,Y,0-40%,True,No_check_possible,No_check_possible,No_check_possible,No_check_possible
2453,15729463,63,0.06349206349206349,0.06349206349206349,Y,0-40%,True,No_check_possible,No_check_possible,No_check_possible,No_check_possible
2454,16153237,64,0.15625,0.4375,Y,0-40%,True,No_check_possible,No_check_possible,No_check_possible,No_check_possible
2455,102216344,56,0.05357142857142857,0.07142857142857142,Y,0-40%,True,No_check_possible,No_check_possible,No_check_possible,No_check_possible
2456,18319832,3,0.6666666666666666,2.0,N,Not_Applicable(<30 pts),No_check_possible,No_check_possible,No_check_possible,No_check_possible,No_check_possible
2457,11085356,7,0.2857142857142857,0.2857142857142857,N,Not_Applicable(<30 pts),No_check_possible,No_check_possible,No_check_possible,No_check_possible,No_check_possible
2458,42149492,22,0.18181818181818182,0.2727272727272727,N,Not_Applicable(<30 pts),No_check_possible,No_check_possible,No_check_possible,No_check_possible,No_check_possible
2459,11144296,61,0.04918032786885246,0.11475409836065574,Y,0-40%,True,No_check_possible,No_check_possible,No_check_possible,No_check_possible
2460,11603627,38,0.05263157894736842,0.05263157894736842,Y,0-40%,True,No_check_possible,No_check_possible,No_check_possible,No_check_possible
2461,11152089,25,0.08,0.08,N,Not_Applicable(<30 pts),No_check_possible,No_check_possible,No_check_possible,No_check_possible,No_check_possible
2462,16366843,5,0.4,0.4,N,Not_Applicable(<30 pts),No_check_possible,No_check_possible,No_check_possible,No_check_possible,No_check_possible
2463,14080578,58,0.13793103448275862,0.39655172413793105,Y,0-40%,True,No_check_possible,No_check_possible,No_check_possible,No_check_possible
2464,11527913,55,0.2545454545454545,1.3636363636363635,Y,0-40%,True,No_check_possible,No_check_possible,No_check_possible,No_check_possible
2465,101821156,10,0.4,1.6,N,Not_Applicable(<30 pts),No_check_possible,No_check_possible,No_check_possible,No_check_possible,No_check_possible
2466,42140541,50,0.1,0.1,Y,0-40%,True,No_check_possible,No_check_possible,No_check_possible,No_check_possible
2467,15671785,5,0.4,0.6,N,Not_Applicable(<30 pts),No_check_possible,No_check_possible,No_check_possible,No_check_possible,No_check_possible
2468,100384202,21,0.14285714285714285,0.2857142857142857,N,Not_Applicable(<30 pts),No_check_possible,No_check_possible,No_check_possible,No_check_possible,No_check_possible
2469,49355720,45,0.06666666666666667,0.06666666666666667,Y,0-40%,True,No_check_possible,No_check_possible,No_check_possible,No_check_possible
2470,42307577,53,0.05660377358490566,0.05660377358490566,Y,0-40%,True,No_check_possible,No_check_possible,No_check_possible,No_check_possible
2471,37458473,52,0.038461538461538464,2.6346153846153846,Y,0-40%,True,No_check_possible,No_check_possible,No_check_possible,No_check_possible
2472,100467601,37,0.08108108108108109,0.08108108108108109,Y,0-40%,True,No_check_possible,No_check_possible,No_check_possible,No_check_possible
2473,101487998,21,0.09523809523809523,0.14285714285714285,N,Not_Applicable(<30 pts),No_check_possible,No_check_possible,No_check_possible,No_check_possible,No_check_possible
2474,101447127,50,0.02,0.02,Y,0-40%,True,No_check_possible,No_check_possible,No_check_possible,No_check_possible
2475,42216194,11,0.36363636363636365,0.45454545454545453,N,Not_Applicable(<30 pts),No_check_possible,No_check_possible,No_check_possible,No_check_possible,No_check_possible
2476,100627104,32,0.09375,0.125,Y,0-40%,True,No_check_possible,No_check_possible,No_check_possible,No_check_possible
2477,11278527,59,0.03389830508474576,0.1864406779661017,Y,0-40%,True,No_check_possible,No_check_possible,No_check_possible,No_check_possible
2478,11027198,53,0.05660377358490566,0.09433962264150944,Y,0-40%,True,No_check_possible,No_check_possible,No_check_possible,No_check_possible
2479,11655686,14,0.14285714285714285,0.14285714285714285,N,Not_Applicable(<30 pts),No_check_possible,No_check_possible,No_check_possible,No_check_possible,No_check_possible
2480,11655664,33,0.06060606060606061,0.06060606060606061,Y,0-40%,True,No_check_possible,No_check_possible,No_check_possible,No_check_possible
2481,11688198,24,0.08333333333333333,0.08333333333333333,N,Not_Applicable(<30 pts),No_check_possible,No_check_possible,No_check_possible,No_check_possible,No_check_possible
2482,100775365,21,0.09523809523809523,0.09523809523809523,N,Not_Applicable(<30 pts),No_check_possible,No_check_possible,No_check_possible,No_check_possible,No_check_possible
2483,100788341,48,0.08333333333333333,0.16666666666666666,Y,0-40%,True,No_check_possible,No_check_possible,No_check_possible,No_check_possible
2484,100133012,44,0.06818181818181818,0.06818181818181818,Y,0-40%,True,No_check_possible,No_check_possible,No_check_possible,No_check_possible
2485,37458545,7,0.14285714285714285,1.4285714285714286,N,Not_Applicable(<30 pts),No_check_possible,No_check_possible,No_check_possible,No_check_possible,No_check_possible
2486,11691467,48,0.020833333333333332,0.020833333333333332,Y,0-40%,True,No_check_possible,No_check_possible,No_check_possible,No_check_possible
2487,11695806,61,0.04918032786885246,0.04918032786885246,Y,0-40%,True,No_check_possible,No_check_possible,No_check_possible,No_check_possible
2488,102269478,34,0.2647058823529412,0.5588235294117647,Y,0-40%,True,No_check_possible,No_check_possible,No_check_possible,No_check_possible
2489,34325731,38,0.10526315789473684,0.2631578947368421,Y,0-40%,True,No_check_possible,No_check_possible,No_check_possible,No_check_possible
2490,101487982,52,0.15384615384615385,0.40384615384615385,Y,0-40%,True,No_check_possible,No_check_possible,No_check_possible,No_check_possible
2491,102565846,52,0.019230769230769232,0.019230769230769232,Y,0-40%,True,No_check_possible,No_check_possible,No_check_possible,No_check_possible
2492,11206495,56,0.03571428571428571,0.03571428571428571,Y,0-40%,True,No_check_possible,No_check_possible,No_check_possible,No_check_possible
2493,11604262,53,0.05660377358490566,0.05660377358490566,Y,0-40%,True,No_check_possible,No_check_possible,No_check_possible,No_check_possible
2494,11537629,3,0.6666666666666666,3.6666666666666665,N,Not_Applicable(<30 pts),No_check_possible,No_check_possible,No_check_possible,No_check_possible,No_check_possible
2495,37458524,29,0.13793103448275862,0.13793103448275862,N,Not_Applicable(<30 pts),No_check_possible,No_check_possible,No_check_possible,No_check_possible,No_check_possible
2496,100009418,60,0.03333333333333333,0.08333333333333333,Y,0-40%,True,No_check_possible,No_check_possible,No_check_possible,No_check_possible
2497,102364956,19,0.15789473684210525,0.21052631578947367,N,Not_Applicable(<30 pts),No_check_possible,No_check_possible,No_check_possible,No_check_possible,No_check_possible
2498,11311362,58,0.034482758620689655,0.08620689655172414,Y,0-40%,True,No_check_possible,No_check_possible,No_check_possible,No_check_possible
2499,11242435,51,0.0392156862745098,0.058823529411764705,Y,0-40%,True,No_check_possible,No_check_possible,No_check_possible,No_check_possible
2500,18298948,32,0.125,0.125,Y,0-40%,True,No_check_possible,No_check_possible,No_check_possible,No_check_possible
2501,102280414,53,0.03773584905660377,0.03773584905660377,Y,0-40%,True,No_check_possible,No_check_possible,No_check_possible,No_check_possible
2502,102140012,16,0.125,0.125,N,Not_Applicable(<30 pts),No_check_possible,No_check_possible,No_check_possible,No_check_possible,No_check_possible
2503,15859075,61,0.11475409836065574,0.11475409836065574,Y,0-40%,True,No_check_possible,No_check_possible,No_check_possible,No_check_possible
2504,11265923,21,0.19047619047619047,0.19047619047619047,N,Not_Applicable(<30 pts),No_check_possible,No_check_possible,No_check_possible,No_check_possible,No_check_possible
2505,42212283,26,0.11538461538461539,0.11538461538461539,N,Not_Applicable(<30 pts),No_check_possible,No_check_possible,No_check_possible,No_check_possible,No_check_possible
2506,102217879,24,0.08333333333333333,0.08333333333333333,N,Not_Applicable(<30 pts),No_check_possible,No_check_possible,No_check_possible,No_check_possible,No_check_possible
2507,11697814,27,0.1111111111111111,0.1111111111111111,N,Not_Applicable(<30 pts),No_check_possible,No_check_possible,No_check_possible,No_check_possible,No_check_possible
2508,11706750,22,0.045454545454545456,0.045454545454545456,N,Not_Applicable(<30 pts),No_check_possible,No_check_possible,No_check_possible,No_check_possible,No_check_possible
2509,11063147,53,0.03773584905660377,0.03773584905660377,Y,0-40%,True,No_check_possible,No_check_possible,No_check_possible,No_check_possible
2510,100627095,60,0.05,1.1166666666666667,Y,0-40%,True,No_check_possible,No_check_possible,No_check_possible,No_check_possible
2511,100757822,62,0.1935483870967742,0.3225806451612903,Y,0-40%,True,No_check_possible,No_check_possible,No_check_possible,No_check_possible
2512,100597168,52,0.17307692307692307,0.38461538461538464,Y,0-40%,True,No_check_possible,No_check_possible,No_check_possible,No_check_possible
2513,100270111,9,0.1111111111111111,0.1111111111111111,N,Not_Applicable(<30 pts),No_check_possible,No_check_possible,No_check_possible,No_check_possible,No_check_possible
2514,11625643,35,0.05714285714285714,0.05714285714285714,Y,0-40%,True,No_check_possible,No_check_possible,No_check_possible,No_check_possible
2515,11657126,45,0.08888888888888889,4.444444444444445,Y,0-40%,True,No_check_possible,No_check_possible,No_check_possible,No_check_possible
2516,11028400,61,0.13114754098360656,0.13114754098360656,Y,0-40%,True,No_check_possible,No_check_possible,No_check_possible,No_check_possible
2517,15615808,55,0.03636363636363636,0.03636363636363636,Y,0-40%,True,No_check_possible,No_check_possible,No_check_possible,No_check_possible
2518,42296549,8,0.375,0.375,N,Not_Applicable(<30 pts),No_check_possible,No_check_possible,No_check_possible,No_check_possible,No_check_possible
2519,11068174,58,0.05172413793103448,0.10344827586206896,Y,0-40%,True,No_check_possible,No_check_possible,No_check_possible,No_check_possible
2520,15726353,54,0.09259259259259259,0.09259259259259259,Y,0-40%,True,No_check_possible,No_check_possible,No_check_possible,No_check_possible
2521,42222055,33,0.06060606060606061,0.06060606060606061,Y,0-40%,True,No_check_possible,No_check_possible,No_check_possible,No_check_possible
2522,102181853,15,0.13333333333333333,0.13333333333333333,N,Not_Applicable(<30 pts),No_check_possible,No_check_possible,No_check_possible,No_check_possible,No_check_possible
2523,11691171,48,0.0625,0.0625,Y,0-40%,True,No_check_possible,No_check_possible,No_check_possible,No_check_possible
2524,42153999,50,0.1,0.12,Y,0-40%,True,No_check_possible,No_check_possible,No_check_possible,No_check_possible
2525,101854211,15,0.06666666666666667,0.06666666666666667,N,Not_Applicable(<30 pts),No_check_possible,No_check_possible,No_check_possible,No_check_possible,No_check_possible
2526,49132275,20,0.1,0.2,N,Not_Applicable(<30 pts),No_check_possible,No_check_possible,No_check_possible,No_check_possible,No_check_possible
2527,100484774,18,0.1111111111111111,0.16666666666666666,N,Not_Applicable(<30 pts),No_check_possible,No_check_possible,No_check_possible,No_check_possible,No_check_possible
2528,100621045,55,0.07272727272727272,0.07272727272727272,Y,0-40%,True,No_check_possible,No_check_possible,No_check_possible,No_check_possible
2529,101489941,16,0.25,0.25,N,Not_Applicable(<30 pts),No_check_possible,No_check_possible,No_check_possible,No_check_possible,No_check_possible
2530,101935758,21,0.09523809523809523,0.09523809523809523,N,Not_Applicable(<30 pts),No_check_possible,No_check_possible,No_check_possible,No_check_possible,No_check_possible
2531,11514353,22,0.13636363636363635,0.13636363636363635,N,Not_Applicable(<30 pts),No_check_possible,No_check_possible,No_check_possible,No_check_possible,No_check_possible
2532,16181386,60,0.03333333333333333,0.03333333333333333,Y,0-40%,True,No_check_possible,No_check_possible,No_check_possible,No_check_possible
2533,49118834,60,0.03333333333333333,0.05,Y,0-40%,True,No_check_possible,No_check_possible,No_check_possible,No_check_possible
2534,11353483,31,0.06451612903225806,0.12903225806451613,Y,0-40%,True,No_check_possible,No_check_possible,No_check_possible,No_check_possible
2535,100351754,7,0.14285714285714285,0.14285714285714285,N,Not_Applicable(<30 pts),No_check_possible,No_check_possible,No_check_possible,No_check_possible,No_check_possible
2536,37457846,27,0.037037037037037035,0.037037037037037035,N,Not_Applicable(<30 pts),No_check_possible,No_check_possible,No_check_possible,No_check_possible,No_check_possible
2537,49088790,19,0.10526315789473684,0.10526315789473684,N,Not_Applicable(<30 pts),No_check_possible,No_check_possible,No_check_possible,No_check_possible,No_check_possible
2538,15743478,21,0.23809523809523808,0.23809523809523808,N,Not_Applicable(<30 pts),No_check_possible,No_check_possible,No_check_possible,No_check_possible,No_check_possible
2539,49162485,21,0.23809523809523808,0.5714285714285714,N,Not_Applicable(<30 pts),No_check_possible,No_check_possible,No_check_possible,No_check_possible,No_check_possible
2540,102204430,61,0.01639344262295082,0.01639344262295082,Y,0-40%,True,No_check_possible,No_check_possible,No_check_possible,No_check_possible
2541,11707574,56,0.08928571428571429,0.10714285714285714,Y,0-40%,True,No_check_possible,No_check_possible,No_check_possible,No_check_possible
2542,101807944,63,0.07936507936507936,0.07936507936507936,Y,0-40%,True,No_check_possible,No_check_possible,No_check_possible,No_check_possible
2543,15727557,23,0.13043478260869565,0.13043478260869565,N,Not_Applicable(<30 pts),No_check_possible,No_check_possible,No_check_possible,No_check_possible,No_check_possible
2544,11688088,63,0.047619047619047616,0.09523809523809523,Y,0-40%,True,No_check_possible,No_check_possible,No_check_possible,No_check_possible
2545,49118814,4,0.5,0.5,N,Not_Applicable(<30 pts),No_check_possible,No_check_possible,No_check_possible,No_check_possible,No_check_possible
2546,11308343,57,0.07017543859649122,0.22807017543859648,Y,0-40%,True,No_check_possible,No_check_possible,No_check_possible,No_check_possible
2547,11206413,21,0.09523809523809523,0.09523809523809523,N,Not_Applicable(<30 pts),No_check_possible,No_check_possible,No_check_possible,No_check_possible,No_check_possible
2548,100856150,17,0.11764705882352941,0.7647058823529411,N,Not_Applicable(<30 pts),No_check_possible,No_check_possible,No_check_possible,No_check_possible,No_check_possible
2549,16294725,55,0.05454545454545454,0.09090909090909091,Y,0-40%,True,No_check_possible,No_check_possible,No_check_possible,No_check_possible
2550,42220474,55,0.16363636363636364,0.4,Y,0-40%,True,No_check_possible,No_check_possible,No_check_possible,No_check_possible
2551,37445096,31,0.12903225806451613,0.22580645161290322,Y,0-40%,True,No_check_possible,No_check_possible,No_check_possible,No_check_possible
2552,100472849,8,0.375,0.75,N,Not_Applicable(<30 pts),No_check_possible,No_check_possible,No_check_possible,No_check_possible,No_check_possible
2553,102208765,47,0.06382978723404255,0.10638297872340426,Y,0-40%,True,No_check_possible,No_check_possible,No_check_possible,No_check_possible
2554,11206449,46,0.021739130434782608,0.043478260869565216,Y,0-40%,True,No_check_possible,No_check_possible,No_check_possible,No_check_possible
2555,42218652,3,0.6666666666666666,0.6666666666666666,N,Not_Applicable(<30 pts),No_check_possible,No_check_possible,No_check_possible,No_check_possible,No_check_possible
2556,11506431,61,0.06557377049180328,0.09836065573770492,Y,0-40%,True,No_check_possible,No_check_possible,No_check_possible,No_check_possible
2557,11704318,57,0.017543859649122806,0.017543859649122806,Y,0-40%,True,No_check_possible,No_check_possible,No_check_possible,No_check_possible
2558,42139853,50,0.04,0.04,Y,0-40%,True,No_check_possible,No_check_possible,No_check_possible,No_check_possible
2559,11672220,22,0.13636363636363635,0.13636363636363635,N,Not_Applicable(<30 pts),No_check_possible,No_check_possible,No_check_possible,No_check_possible,No_check_possible
2560,11702602,14,0.21428571428571427,0.21428571428571427,N,Not_Applicable(<30 pts),No_check_possible,No_check_possible,No_check_possible,No_check_possible,No_check_possible
2561,15735231,18,0.2222222222222222,0.2777777777777778,N,Not_Applicable(<30 pts),No_check_possible,No_check_possible,No_check_possible,No_check_possible,No_check_possible
2562,11672304,25,0.08,0.08,N,Not_Applicable(<30 pts),No_check_possible,No_check_possible,No_check_possible,No_check_possible,No_check_possible
2563,11700106,6,0.3333333333333333,0.6666666666666666,N,Not_Applicable(<30 pts),No_check_possible,No_check_possible,No_check_possible,No_check_possible,No_check_possible
2564,11292014,27,0.07407407407407407,0.07407407407407407,N,Not_Applicable(<30 pts),No_check_possible,No_check_possible,No_check_possible,No_check_possible,No_check_possible
2565,42219912,18,0.16666666666666666,0.16666666666666666,N,Not_Applicable(<30 pts),No_check_possible,No_check_possible,No_check_possible,No_check_possible,No_check_possible
2566,42215528,52,0.057692307692307696,0.057692307692307696,Y,0-40%,True,No_check_possible,No_check_possible,No_check_possible,No_check_possible
2567,100147758,48,0.0625,0.10416666666666667,Y,0-40%,True,No_check_possible,No_check_possible,No_check_possible,No_check_possible
2568,100077502,16,0.125,0.3125,N,Not_Applicable(<30 pts),No_check_possible,No_check_possible,No_check_possible,No_check_possible,No_check_possible
2569,100150061,30,0.13333333333333333,0.2,Y,0-40%,True,No_check_possible,No_check_possible,No_check_possible,No_check_possible
2570,101820738,44,0.06818181818181818,0.09090909090909091,Y,0-40%,True,No_check_possible,No_check_possible,No_check_possible,No_check_possible
2571,16644567,14,0.14285714285714285,0.14285714285714285,N,Not_Applicable(<30 pts),No_check_possible,No_check_possible,No_check_possible,No_check_possible,No_check_possible
2572,11286181,4,0.5,0.5,N,Not_Applicable(<30 pts),No_check_possible,No_check_possible,No_check_possible,No_check_possible,No_check_possible
2573,11087268,50,0.04,0.04,Y,0-40%,True,No_check_possible,No_check_possible,No_check_possible,No_check_possible
2574,11021007,5,0.4,0.4,N,Not_Applicable(<30 pts),No_check_possible,No_check_possible,No_check_possible,No_check_possible,No_check_possible
2575,11021005,8,0.375,0.375,N,Not_Applicable(<30 pts),No_check_possible,No_check_possible,No_check_possible,No_check_possible,No_check_possible
2576,42206402,52,0.09615384615384616,0.1346153846153846,Y,0-40%,True,No_check_possible,No_check_possible,No_check_possible,No_check_possible
2577,11592300,51,0.0392156862745098,0.3137254901960784,Y,0-40%,True,No_check_possible,No_check_possible,No_check_possible,No_check_possible
2578,42147768,18,0.16666666666666666,0.2777777777777778,N,Not_Applicable(<30 pts),No_check_possible,No_check_possible,No_check_possible,No_check_possible,No_check_possible
2579,49162631,46,0.06521739130434782,0.06521739130434782,Y,0-40%,True,No_check_possible,No_check_possible,No_check_possible,No_check_possible
2580,15386822,10,0.2,0.3,N,Not_Applicable(<30 pts),No_check_possible,No_check_possible,No_check_possible,No_check_possible,No_check_possible
2581,101854163,18,0.1111111111111111,0.2777777777777778,N,Not_Applicable(<30 pts),No_check_possible,No_check_possible,No_check_possible,No_check_possible,No_check_possible
2582,11706909,43,0.046511627906976744,0.046511627906976744,Y,0-40%,True,No_check_possible,No_check_possible,No_check_possible,No_check_possible
2583,11537035,24,0.08333333333333333,0.08333333333333333,N,Not_Applicable(<30 pts),No_check_possible,No_check_possible,No_check_possible,No_check_possible,No_check_possible
2584,102788017,55,0.03636363636363636,0.03636363636363636,Y,0-40%,True,No_check_possible,No_check_possible,No_check_possible,No_check_possible
2585,49049293,11,0.09090909090909091,0.09090909090909091,N,Not_Applicable(<30 pts),No_check_possible,No_check_possible,No_check_possible,No_check_possible,No_check_possible
2586,100484687,19,0.10526315789473684,0.10526315789473684,N,Not_Applicable(<30 pts),No_check_possible,No_check_possible,No_check_possible,No_check_possible,No_check_possible
2587,42223461,19,0.05263157894736842,0.10526315789473684,N,Not_Applicable(<30 pts),No_check_possible,No_check_possible,No_check_possible,No_check_possible,No_check_possible
2588,102408164,9,0.3333333333333333,3.6666666666666665,N,Not_Applicable(<30 pts),No_check_possible,No_check_possible,No_check_possible,No_check_possible,No_check_possible
2589,11251404,22,0.09090909090909091,0.09090909090909091,N,Not_Applicable(<30 pts),No_check_possible,No_check_possible,No_check_possible,No_check_possible,No_check_possible
2590,42254109,48,0.020833333333333332,0.020833333333333332,Y,0-40%,True,No_check_possible,No_check_possible,No_check_possible,No_check_possible
2591,100602353,26,0.038461538461538464,0.038461538461538464,N,Not_Applicable(<30 pts),No_check_possible,No_check_possible,No_check_possible,No_check_possible,No_check_possible
2592,11663870,54,0.05555555555555555,0.07407407407407407,Y,0-40%,True,No_check_possible,No_check_possible,No_check_possible,No_check_possible
2593,100637663,35,0.02857142857142857,0.02857142857142857,Y,0-40%,True,No_check_possible,No_check_possible,No_check_possible,No_check_possible
2594,16551101,62,0.11290322580645161,0.4032258064516129,Y,0-40%,True,No_check_possible,No_check_possible,No_check_possible,No_check_possible
2595,16550991,62,0.11290322580645161,0.9516129032258065,Y,0-40%,True,No_check_possible,No_check_possible,No_check_possible,No_check_possible
2596,16667699,62,0.08064516129032258,0.12903225806451613,Y,0-40%,True,No_check_possible,No_check_possible,No_check_possible,No_check_possible
2597,16825246,62,0.14516129032258066,0.5967741935483871,Y,0-40%,True,No_check_possible,No_check_possible,No_check_possible,No_check_possible
2598,16580668,62,0.0967741935483871,0.11290322580645161,Y,0-40%,True,No_check_possible,No_check_possible,No_check_possible,No_check_possible
2599,11423339,4,0.5,0.5,N,Not_Applicable(<30 pts),No_check_possible,No_check_possible,No_check_possible,No_check_possible,No_check_possible
2600,11686289,46,0.1956521739130435,0.41304347826086957,Y,0-40%,True,No_check_possible,No_check_possible,No_check_possible,No_check_possible
2601,11241998,32,0.0625,0.09375,Y,0-40%,True,No_check_possible,No_check_possible,No_check_possible,No_check_possible
2602,15836015,43,0.046511627906976744,0.046511627906976744,Y,0-40%,True,No_check_possible,No_check_possible,No_check_possible,No_check_possible
2603,42261278,54,0.037037037037037035,0.037037037037037035,Y,0-40%,True,No_check_possible,No_check_possible,No_check_possible,No_check_possible
2604,100862143,9,0.1111111111111111,0.1111111111111111,N,Not_Applicable(<30 pts),No_check_possible,No_check_possible,No_check_possible,No_check_possible,No_check_possible
2605,11459107,46,0.043478260869565216,0.043478260869565216,Y,0-40%,True,No_check_possible,No_check_possible,No_check_possible,No_check_possible
2606,12240261,46,0.06521739130434782,0.1956521739130435,Y,0-40%,True,No_check_possible,No_check_possible,No_check_possible,No_check_possible
2607,42144663,16,0.25,0.3125,N,Not_Applicable(<30 pts),No_check_possible,No_check_possible,No_check_possible,No_check_possible,No_check_possible
2608,11698025,7,0.2857142857142857,0.2857142857142857,N,Not_Applicable(<30 pts),No_check_possible,No_check_possible,No_check_possible,No_check_possible,No_check_possible
2609,11545580,14,0.14285714285714285,0.14285714285714285,N,Not_Applicable(<30 pts),No_check_possible,No_check_possible,No_check_possible,No_check_possible,No_check_possible
2610,100630703,28,0.07142857142857142,0.07142857142857142,N,Not_Applicable(<30 pts),No_check_possible,No_check_possible,No_check_possible,No_check_possible,No_check_possible
2611,11711516,43,0.046511627906976744,0.046511627906976744,Y,0-40%,True,No_check_possible,No_check_possible,No_check_possible,No_check_possible
2612,42224531,37,0.05405405405405406,0.05405405405405406,Y,0-40%,True,No_check_possible,No_check_possible,No_check_possible,No_check_possible
2613,16580677,20,0.1,0.1,N,Not_Applicable(<30 pts),No_check_possible,No_check_possible,No_check_possible,No_check_possible,No_check_possible
2614,11610087,48,0.0625,0.0625,Y,0-40%,True,No_check_possible,No_check_possible,No_check_possible,No_check_possible
2615,15386712,43,0.046511627906976744,0.06976744186046512,Y,0-40%,True,No_check_possible,No_check_possible,No_check_possible,No_check_possible
2616,42139000,17,0.11764705882352941,0.11764705882352941,N,Not_Applicable(<30 pts),No_check_possible,No_check_possible,No_check_possible,No_check_possible,No_check_possible
2617,100422795,45,0.044444444444444446,0.044444444444444446,Y,0-40%,True,No_check_possible,No_check_possible,No_check_possible,No_check_possible
2618,42224279,37,0.05405405405405406,0.05405405405405406,Y,0-40%,True,No_check_possible,No_check_possible,No_check_possible,No_check_possible
2619,15594928,8,0.25,0.25,N,Not_Applicable(<30 pts),No_check_possible,No_check_possible,No_check_possible,No_check_possible,No_check_possible
2620,100171284,32,0.03125,0.03125,Y,0-40%,True,No_check_possible,No_check_possible,No_check_possible,No_check_possible
2621,11251408,49,0.061224489795918366,0.10204081632653061,Y,0-40%,True,No_check_possible,No_check_possible,No_check_possible,No_check_possible
2622,11163555,51,0.058823529411764705,0.058823529411764705,Y,0-40%,True,No_check_possible,No_check_possible,No_check_possible,No_check_possible
2623,11700028,3,0.6666666666666666,0.6666666666666666,N,Not_Applicable(<30 pts),No_check_possible,No_check_possible,No_check_possible,No_check_possible,No_check_possible
2624,11667455,7,0.2857142857142857,0.42857142857142855,N,Not_Applicable(<30 pts),No_check_possible,No_check_possible,No_check_possible,No_check_possible,No_check_possible
2625,102051408,58,0.034482758620689655,0.034482758620689655,Y,0-40%,True,No_check_possible,No_check_possible,No_check_possible,No_check_possible
2626,11026427,35,0.08571428571428572,0.08571428571428572,Y,0-40%,True,No_check_possible,No_check_possible,No_check_possible,No_check_possible
2627,11332579,18,0.2222222222222222,0.4444444444444444,N,Not_Applicable(<30 pts),No_check_possible,No_check_possible,No_check_possible,No_check_possible,No_check_possible
2628,11689085,54,0.09259259259259259,0.24074074074074073,Y,0-40%,True,No_check_possible,No_check_possible,No_check_possible,No_check_possible
2629,11654947,33,0.06060606060606061,0.06060606060606061,Y,0-40%,True,No_check_possible,No_check_possible,No_check_possible,No_check_possible
2630,102309151,22,0.09090909090909091,0.09090909090909091,N,Not_Applicable(<30 pts),No_check_possible,No_check_possible,No_check_possible,No_check_possible,No_check_possible
2631,42307166,59,0.0847457627118644,0.13559322033898305,Y,0-40%,True,No_check_possible,No_check_possible,No_check_possible,No_check_possible
2632,11689082,7,0.2857142857142857,0.2857142857142857,N,Not_Applicable(<30 pts),No_check_possible,No_check_possible,No_check_possible,No_check_possible,No_check_possible
2633,17158795,4,0.5,0.5,N,Not_Applicable(<30 pts),No_check_possible,No_check_possible,No_check_possible,No_check_possible,No_check_possible
2634,101518954,3,0.6666666666666666,0.6666666666666666,N,Not_Applicable(<30 pts),No_check_possible,No_check_possible,No_check_possible,No_check_possible,No_check_possible
2635,102300210,46,0.021739130434782608,0.021739130434782608,Y,0-40%,True,No_check_possible,No_check_possible,No_check_possible,No_check_possible
2636,14050603,7,0.14285714285714285,0.14285714285714285,N,Not_Applicable(<30 pts),No_check_possible,No_check_possible,No_check_possible,No_check_possible,No_check_possible
2637,11197333,31,0.06451612903225806,0.1935483870967742,Y,0-40%,True,No_check_possible,No_check_possible,No_check_possible,No_check_possible
2638,37459921,6,0.3333333333333333,0.3333333333333333,N,Not_Applicable(<30 pts),No_check_possible,No_check_possible,No_check_possible,No_check_possible,No_check_possible
2639,42133188,37,0.16216216216216217,0.16216216216216217,Y,0-40%,True,No_check_possible,No_check_possible,No_check_possible,No_check_possible
2640,11303131,37,0.10810810810810811,0.13513513513513514,Y,0-40%,True,No_check_possible,No_check_possible,No_check_possible,No_check_possible
2641,42137779,36,0.08333333333333333,0.08333333333333333,Y,0-40%,True,No_check_possible,No_check_possible,No_check_possible,No_check_possible
2642,102096916,26,0.07692307692307693,0.07692307692307693,N,Not_Applicable(<30 pts),No_check_possible,No_check_possible,No_check_possible,No_check_possible,No_check_possible
2643,42218876,37,0.05405405405405406,0.05405405405405406,Y,0-40%,True,No_check_possible,No_check_possible,No_check_possible,No_check_possible
2644,42219647,56,0.03571428571428571,0.03571428571428571,Y,0-40%,True,No_check_possible,No_check_possible,No_check_possible,No_check_possible
2645,15725931,44,0.06818181818181818,0.06818181818181818,Y,0-40%,True,No_check_possible,No_check_possible,No_check_possible,No_check_possible
2646,42203446,55,0.07272727272727272,0.07272727272727272,Y,0-40%,True,No_check_possible,No_check_possible,No_check_possible,No_check_possible
2647,15732155,19,0.10526315789473684,0.15789473684210525,N,Not_Applicable(<30 pts),No_check_possible,No_check_possible,No_check_possible,No_check_possible,No_check_possible
2648,15732157,4,0.5,0.5,N,Not_Applicable(<30 pts),No_check_possible,No_check_possible,No_check_possible,No_check_possible,No_check_possible
2649,102118565,58,0.034482758620689655,0.034482758620689655,Y,0-40%,True,No_check_possible,No_check_possible,No_check_possible,No_check_possible
2650,16160727,11,0.18181818181818182,0.2727272727272727,N,Not_Applicable(<30 pts),No_check_possible,No_check_possible,No_check_possible,No_check_possible,No_check_possible
2651,11159895,43,0.046511627906976744,0.046511627906976744,Y,0-40%,True,No_check_possible,No_check_possible,No_check_possible,No_check_possible
2652,16592935,52,0.057692307692307696,0.057692307692307696,Y,0-40%,True,No_check_possible,No_check_possible,No_check_possible,No_check_possible
2653,11293074,29,0.13793103448275862,1.206896551724138,N,Not_Applicable(<30 pts),No_check_possible,No_check_possible,No_check_possible,No_check_possible,No_check_possible
2654,100410024,60,0.13333333333333333,0.25,Y,0-40%,True,No_check_possible,No_check_possible,No_check_possible,No_check_possible
2655,100758194,11,0.09090909090909091,0.09090909090909091,N,Not_Applicable(<30 pts),No_check_possible,No_check_possible,No_check_possible,No_check_possible,No_check_possible
2656,101853643,11,0.09090909090909091,0.09090909090909091,N,Not_Applicable(<30 pts),No_check_possible,No_check_possible,No_check_possible,No_check_possible,No_check_possible
2657,101853673,11,0.09090909090909091,0.09090909090909091,N,Not_Applicable(<30 pts),No_check_possible,No_check_possible,No_check_possible,No_check_possible,No_check_possible
2658,101506975,60,0.03333333333333333,0.03333333333333333,Y,0-40%,True,No_check_possible,No_check_possible,No_check_possible,No_check_possible
2659,15732853,17,0.11764705882352941,0.11764705882352941,N,Not_Applicable(<30 pts),No_check_possible,No_check_possible,No_check_possible,No_check_possible,No_check_possible
2660,16362663,16,0.1875,0.1875,N,Not_Applicable(<30 pts),No_check_possible,No_check_possible,No_check_possible,No_check_possible,No_check_possible
2661,11641286,43,0.046511627906976744,0.9534883720930233,Y,0-40%,True,No_check_possible,No_check_possible,No_check_possible,No_check_possible
2662,14528562,59,0.03389830508474576,0.03389830508474576,Y,0-40%,True,No_check_possible,No_check_possible,No_check_possible,No_check_possible
2663,42268333,43,0.023255813953488372,0.023255813953488372,Y,0-40%,True,No_check_possible,No_check_possible,No_check_possible,No_check_possible
2664,16221776,61,0.08196721311475409,0.5901639344262295,Y,0-40%,True,No_check_possible,No_check_possible,No_check_possible,No_check_possible
2665,16181907,61,0.08196721311475409,0.5245901639344263,Y,0-40%,True,No_check_possible,No_check_possible,No_check_possible,No_check_possible
2666,16181909,61,0.09836065573770492,0.6065573770491803,Y,0-40%,True,No_check_possible,No_check_possible,No_check_possible,No_check_possible
2667,16550992,61,0.08196721311475409,0.29508196721311475,Y,0-40%,True,No_check_possible,No_check_possible,No_check_possible,No_check_possible
2668,16221818,61,0.14754098360655737,0.39344262295081966,Y,0-40%,True,No_check_possible,No_check_possible,No_check_possible,No_check_possible
2669,16221792,61,0.13114754098360656,0.2786885245901639,Y,0-40%,True,No_check_possible,No_check_possible,No_check_possible,No_check_possible
2670,16221790,61,0.09836065573770492,0.13114754098360656,Y,0-40%,True,No_check_possible,No_check_possible,No_check_possible,No_check_possible
2671,16580752,61,0.14754098360655737,0.2786885245901639,Y,0-40%,True,No_check_possible,No_check_possible,No_check_possible,No_check_possible
2672,16221820,61,0.09836065573770492,0.21311475409836064,Y,0-40%,True,No_check_possible,No_check_possible,No_check_possible,No_check_possible
2673,11606831,55,0.05454545454545454,0.05454545454545454,Y,0-40%,True,No_check_possible,No_check_possible,No_check_possible,No_check_possible
2674,11054164,58,0.08620689655172414,0.3793103448275862,Y,0-40%,True,No_check_possible,No_check_possible,No_check_possible,No_check_possible
2675,100426310,24,0.08333333333333333,0.08333333333333333,N,Not_Applicable(<30 pts),No_check_possible,No_check_possible,No_check_possible,No_check_possible,No_check_possible
2676,102539605,4,0.5,0.5,N,Not_Applicable(<30 pts),No_check_possible,No_check_possible,No_check_possible,No_check_possible,No_check_possible
2677,11061225,13,0.07692307692307693,0.15384615384615385,N,Not_Applicable(<30 pts),No_check_possible,No_check_possible,No_check_possible,No_check_possible,No_check_possible
2678,16903705,61,0.13114754098360656,0.7704918032786885,Y,0-40%,True,No_check_possible,No_check_possible,No_check_possible,No_check_possible
2679,16580753,61,0.09836065573770492,0.18032786885245902,Y,0-40%,True,No_check_possible,No_check_possible,No_check_possible,No_check_possible
2680,16551100,61,0.16393442622950818,0.5737704918032787,Y,0-40%,True,No_check_possible,No_check_possible,No_check_possible,No_check_possible
2681,100453798,9,0.2222222222222222,0.2222222222222222,N,Not_Applicable(<30 pts),No_check_possible,No_check_possible,No_check_possible,No_check_possible,No_check_possible
2682,100700115,7,0.2857142857142857,0.2857142857142857,N,Not_Applicable(<30 pts),No_check_possible,No_check_possible,No_check_possible,No_check_possible,No_check_possible
2683,100660380,55,0.18181818181818182,0.2909090909090909,Y,0-40%,True,No_check_possible,No_check_possible,No_check_possible,No_check_possible
2684,16433365,24,0.16666666666666666,0.3333333333333333,N,Not_Applicable(<30 pts),No_check_possible,No_check_possible,No_check_possible,No_check_possible,No_check_possible
2685,11521729,43,0.06976744186046512,0.09302325581395349,Y,0-40%,True,No_check_possible,No_check_possible,No_check_possible,No_check_possible
2686,11378414,44,0.045454545454545456,0.045454545454545456,Y,0-40%,True,No_check_possible,No_check_possible,No_check_possible,No_check_possible
2687,100521103,22,0.09090909090909091,0.09090909090909091,N,Not_Applicable(<30 pts),No_check_possible,No_check_possible,No_check_possible,No_check_possible,No_check_possible
2688,42123861,7,0.2857142857142857,0.2857142857142857,N,Not_Applicable(<30 pts),No_check_possible,No_check_possible,No_check_possible,No_check_possible,No_check_possible
2689,15602144,43,0.06976744186046512,0.09302325581395349,Y,0-40%,True,No_check_possible,No_check_possible,No_check_possible,No_check_possible
2690,11340777,6,0.3333333333333333,0.3333333333333333,N,Not_Applicable(<30 pts),No_check_possible,No_check_possible,No_check_possible,No_check_possible,No_check_possible
2691,16608906,7,0.2857142857142857,0.2857142857142857,N,Not_Applicable(<30 pts),No_check_possible,No_check_possible,No_check_possible,No_check_possible,No_check_possible
2692,100592231,62,0.06451612903225806,0.06451612903225806,Y,0-40%,True,No_check_possible,No_check_possible,No_check_possible,No_check_possible
2693,42154510,5,0.4,0.4,N,Not_Applicable(<30 pts),No_check_possible,No_check_possible,No_check_possible,No_check_possible,No_check_possible
2694,42145803,35,0.05714285714285714,0.05714285714285714,Y,0-40%,True,No_check_possible,No_check_possible,No_check_possible,No_check_possible
2695,42299746,22,0.09090909090909091,0.09090909090909091,N,Not_Applicable(<30 pts),No_check_possible,No_check_possible,No_check_possible,No_check_possible,No_check_possible
2696,100743324,7,0.42857142857142855,0.42857142857142855,N,Not_Applicable(<30 pts),No_check_possible,No_check_possible,No_check_possible,No_check_possible,No_check_possible
2697,11692420,53,0.03773584905660377,0.03773584905660377,Y,0-40%,True,No_check_possible,No_check_possible,No_check_possible,No_check_possible
2698,42220045,18,0.1111111111111111,0.6111111111111112,N,Not_Applicable(<30 pts),No_check_possible,No_check_possible,No_check_possible,No_check_possible,No_check_possible
2699,37458925,31,0.0967741935483871,0.0967741935483871,Y,0-40%,True,No_check_possible,No_check_possible,No_check_possible,No_check_possible
2700,42155636,53,0.09433962264150944,0.09433962264150944,Y,0-40%,True,No_check_possible,No_check_possible,No_check_possible,No_check_possible
2701,11130590,8,0.25,0.25,N,Not_Applicable(<30 pts),No_check_possible,No_check_possible,No_check_possible,No_check_possible,No_check_possible
2702,11703040,17,0.23529411764705882,0.23529411764705882,N,Not_Applicable(<30 pts),No_check_possible,No_check_possible,No_check_possible,No_check_possible,No_check_possible
2703,100499634,18,0.2222222222222222,0.2222222222222222,N,Not_Applicable(<30 pts),No_check_possible,No_check_possible,No_check_possible,No_check_possible,No_check_possible
2704,101491375,55,0.03636363636363636,0.03636363636363636,Y,0-40%,True,No_check_possible,No_check_possible,No_check_possible,No_check_possible
2705,100835049,28,0.07142857142857142,0.07142857142857142,N,Not_Applicable(<30 pts),No_check_possible,No_check_possible,No_check_possible,No_check_possible,No_check_possible
2706,11059802,57,0.07017543859649122,0.07017543859649122,Y,0-40%,True,No_check_possible,No_check_possible,No_check_possible,No_check_possible
2707,101843838,42,0.047619047619047616,0.047619047619047616,Y,0-40%,True,No_check_possible,No_check_possible,No_check_possible,No_check_possible
2708,101503618,47,0.10638297872340426,0.1702127659574468,Y,0-40%,True,No_check_possible,No_check_possible,No_check_possible,No_check_possible
2709,100570855,2,0.5,0.5,N,Not_Applicable(<30 pts),No_check_possible,No_check_possible,No_check_possible,No_check_possible,No_check_possible
2710,15555082,28,0.07142857142857142,0.07142857142857142,N,Not_Applicable(<30 pts),No_check_possible,No_check_possible,No_check_possible,No_check_possible,No_check_possible
2711,102571852,13,0.15384615384615385,7.769230769230769,N,Not_Applicable(<30 pts),No_check_possible,No_check_possible,No_check_possible,No_check_possible,No_check_possible
2712,102523236,5,0.2,0.2,N,Not_Applicable(<30 pts),No_check_possible,No_check_possible,No_check_possible,No_check_possible,No_check_possible
2713,11207529,3,0.6666666666666666,0.6666666666666666,N,Not_Applicable(<30 pts),No_check_possible,No_check_possible,No_check_possible,No_check_possible,No_check_possible
2714,101426508,34,0.08823529411764706,0.08823529411764706,Y,0-40%,True,No_check_possible,No_check_possible,No_check_possible,No_check_possible
2715,100705416,32,0.125,0.25,Y,0-40%,True,No_check_possible,No_check_possible,No_check_possible,No_check_possible
2716,42217864,31,0.3225806451612903,0.7741935483870968,Y,0-40%,True,No_check_possible,No_check_possible,No_check_possible,No_check_possible
2717,37468360,51,0.11764705882352941,0.29411764705882354,Y,0-40%,True,No_check_possible,No_check_possible,No_check_possible,No_check_possible
2718,42147774,48,0.1875,0.25,Y,0-40%,True,No_check_possible,No_check_possible,No_check_possible,No_check_possible
2719,42213070,61,0.11475409836065574,0.13114754098360656,Y,0-40%,True,No_check_possible,No_check_possible,No_check_possible,No_check_possible
2720,100484676,43,0.20930232558139536,0.37209302325581395,Y,0-40%,True,No_check_possible,No_check_possible,No_check_possible,No_check_possible
2721,100646744,60,0.08333333333333333,0.11666666666666667,Y,0-40%,True,No_check_possible,No_check_possible,No_check_possible,No_check_possible
2722,42153407,27,0.1111111111111111,0.2222222222222222,N,Not_Applicable(<30 pts),No_check_possible,No_check_possible,No_check_possible,No_check_possible,No_check_possible
2723,14203639,5,0.4,0.4,N,Not_Applicable(<30 pts),No_check_possible,No_check_possible,No_check_possible,No_check_possible,No_check_possible
2724,101409258,49,0.14285714285714285,0.32653061224489793,Y,0-40%,True,No_check_possible,No_check_possible,No_check_possible,No_check_possible
2725,11285750,56,0.07142857142857142,0.07142857142857142,Y,0-40%,True,No_check_possible,No_check_possible,No_check_possible,No_check_possible
2726,16039175,23,0.2608695652173913,0.6521739130434783,N,Not_Applicable(<30 pts),No_check_possible,No_check_possible,No_check_possible,No_check_possible,No_check_possible
2727,11497348,34,0.058823529411764705,0.08823529411764706,Y,0-40%,True,No_check_possible,No_check_possible,No_check_possible,No_check_possible
2728,42219074,52,0.038461538461538464,0.057692307692307696,Y,0-40%,True,No_check_possible,No_check_possible,No_check_possible,No_check_possible
2729,100788345,14,0.14285714285714285,0.14285714285714285,N,Not_Applicable(<30 pts),No_check_possible,No_check_possible,No_check_possible,No_check_possible,No_check_possible
2730,101899967,25,0.08,0.08,N,Not_Applicable(<30 pts),No_check_possible,No_check_possible,No_check_possible,No_check_possible,No_check_possible
2731,16304814,59,0.06779661016949153,0.0847457627118644,Y,0-40%,True,No_check_possible,No_check_possible,No_check_possible,No_check_possible
2732,11196682,28,0.07142857142857142,0.07142857142857142,N,Not_Applicable(<30 pts),No_check_possible,No_check_possible,No_check_possible,No_check_possible,No_check_possible
2733,11698961,15,0.2,0.2,N,Not_Applicable(<30 pts),No_check_possible,No_check_possible,No_check_possible,No_check_possible,No_check_possible
2734,16014709,45,0.06666666666666667,0.06666666666666667,Y,0-40%,True,No_check_possible,No_check_possible,No_check_possible,No_check_possible
2735,100862475,49,0.10204081632653061,0.10204081632653061,Y,0-40%,True,No_check_possible,No_check_possible,No_check_possible,No_check_possible
2736,11690858,49,0.10204081632653061,0.10204081632653061,Y,0-40%,True,No_check_possible,No_check_possible,No_check_possible,No_check_possible
2737,102531566,17,0.29411764705882354,0.29411764705882354,N,Not_Applicable(<30 pts),No_check_possible,No_check_possible,No_check_possible,No_check_possible,No_check_possible
2738,100462700,5,0.2,0.8,N,Not_Applicable(<30 pts),No_check_possible,No_check_possible,No_check_possible,No_check_possible,No_check_possible
2739,17159761,53,0.07547169811320754,0.07547169811320754,Y,0-40%,True,No_check_possible,No_check_possible,No_check_possible,No_check_possible
2740,49162285,18,0.2222222222222222,0.2777777777777778,N,Not_Applicable(<30 pts),No_check_possible,No_check_possible,No_check_possible,No_check_possible,No_check_possible
2741,49051299,30,0.06666666666666667,0.06666666666666667,Y,0-40%,True,No_check_possible,No_check_possible,No_check_possible,No_check_possible
2742,100481352,26,0.07692307692307693,0.11538461538461539,N,Not_Applicable(<30 pts),No_check_possible,No_check_possible,No_check_possible,No_check_possible,No_check_possible
2743,49076539,4,0.5,1.0,N,Not_Applicable(<30 pts),No_check_possible,No_check_possible,No_check_possible,No_check_possible,No_check_possible
2744,11522298,61,0.11475409836065574,0.45901639344262296,Y,0-40%,True,No_check_possible,No_check_possible,No_check_possible,No_check_possible
2745,100521100,30,0.1,0.1,Y,0-40%,True,No_check_possible,No_check_possible,No_check_possible,No_check_possible
2746,102509700,26,0.15384615384615385,0.15384615384615385,N,Not_Applicable(<30 pts),No_check_possible,No_check_possible,No_check_possible,No_check_possible,No_check_possible
2747,100755033,7,0.2857142857142857,0.2857142857142857,N,Not_Applicable(<30 pts),No_check_possible,No_check_possible,No_check_possible,No_check_possible,No_check_possible
2748,11575921,57,0.03508771929824561,0.03508771929824561,Y,0-40%,True,No_check_possible,No_check_possible,No_check_possible,No_check_possible
2749,42222339,14,0.2857142857142857,0.42857142857142855,N,Not_Applicable(<30 pts),No_check_possible,No_check_possible,No_check_possible,No_check_possible,No_check_possible
2750,11637267,8,0.25,0.5,N,Not_Applicable(<30 pts),No_check_possible,No_check_possible,No_check_possible,No_check_possible,No_check_possible
2751,102118537,35,0.08571428571428572,0.11428571428571428,Y,0-40%,True,No_check_possible,No_check_possible,No_check_possible,No_check_possible
2752,42139059,60,0.21666666666666667,0.5833333333333334,Y,0-40%,True,No_check_possible,No_check_possible,No_check_possible,No_check_possible
2753,100446656,48,0.041666666666666664,0.041666666666666664,Y,0-40%,True,No_check_possible,No_check_possible,No_check_possible,No_check_possible
2754,101909508,7,0.14285714285714285,0.14285714285714285,N,Not_Applicable(<30 pts),No_check_possible,No_check_possible,No_check_possible,No_check_possible,No_check_possible
2755,100496411,3,0.3333333333333333,0.3333333333333333,N,Not_Applicable(<30 pts),No_check_possible,No_check_possible,No_check_possible,No_check_possible,No_check_possible
2756,11527660,44,0.06818181818181818,0.09090909090909091,Y,0-40%,True,No_check_possible,No_check_possible,No_check_possible,No_check_possible
2757,11294537,28,0.03571428571428571,0.03571428571428571,N,Not_Applicable(<30 pts),No_check_possible,No_check_possible,No_check_possible,No_check_possible,No_check_possible
2758,11658369,33,0.06060606060606061,0.06060606060606061,Y,0-40%,True,No_check_possible,No_check_possible,No_check_possible,No_check_possible
2759,11610563,21,0.14285714285714285,0.14285714285714285,N,Not_Applicable(<30 pts),No_check_possible,No_check_possible,No_check_possible,No_check_possible,No_check_possible
2760,16181158,50,0.02,0.02,Y,0-40%,True,No_check_possible,No_check_possible,No_check_possible,No_check_possible
2761,101426506,47,0.06382978723404255,0.06382978723404255,Y,0-40%,True,No_check_possible,No_check_possible,No_check_possible,No_check_possible
2762,101489915,20,0.15,0.15,N,Not_Applicable(<30 pts),No_check_possible,No_check_possible,No_check_possible,No_check_possible,No_check_possible
2763,102747598,54,0.12962962962962962,0.24074074074074073,Y,0-40%,True,No_check_possible,No_check_possible,No_check_possible,No_check_possible
2764,11573815,27,0.1111111111111111,0.1111111111111111,N,Not_Applicable(<30 pts),No_check_possible,No_check_possible,No_check_possible,No_check_possible,No_check_possible
2765,102331550,14,0.14285714285714285,0.14285714285714285,N,Not_Applicable(<30 pts),No_check_possible,No_check_possible,No_check_possible,No_check_possible,No_check_possible
2766,100402849,28,0.07142857142857142,0.10714285714285714,N,Not_Applicable(<30 pts),No_check_possible,No_check_possible,No_check_possible,No_check_possible,No_check_possible
2767,11698418,8,0.125,0.125,N,Not_Applicable(<30 pts),No_check_possible,No_check_possible,No_check_possible,No_check_possible,No_check_possible
2768,100446869,3,0.6666666666666666,0.6666666666666666,N,Not_Applicable(<30 pts),No_check_possible,No_check_possible,No_check_possible,No_check_possible,No_check_possible
2769,101936116,29,0.06896551724137931,0.06896551724137931,N,Not_Applicable(<30 pts),No_check_possible,No_check_possible,No_check_possible,No_check_possible,No_check_possible
2770,11018528,34,0.08823529411764706,0.11764705882352941,Y,0-40%,True,No_check_possible,No_check_possible,No_check_possible,No_check_possible
2771,42203922,45,0.044444444444444446,0.044444444444444446,Y,0-40%,True,No_check_possible,No_check_possible,No_check_possible,No_check_possible
2772,11712507,43,0.09302325581395349,0.13953488372093023,Y,0-40%,True,No_check_possible,No_check_possible,No_check_possible,No_check_possible
2773,11290439,26,0.07692307692307693,0.07692307692307693,N,Not_Applicable(<30 pts),No_check_possible,No_check_possible,No_check_possible,No_check_possible,No_check_possible
2774,102186738,5,0.4,0.4,N,Not_Applicable(<30 pts),No_check_possible,No_check_possible,No_check_possible,No_check_possible,No_check_possible
2775,49149925,34,0.14705882352941177,0.14705882352941177,Y,0-40%,True,No_check_possible,No_check_possible,No_check_possible,No_check_possible
2776,100371413,21,0.09523809523809523,0.09523809523809523,N,Not_Applicable(<30 pts),No_check_possible,No_check_possible,No_check_possible,No_check_possible,No_check_possible
2777,100147688,34,0.14705882352941177,0.17647058823529413,Y,0-40%,True,No_check_possible,No_check_possible,No_check_possible,No_check_possible
2778,37459196,11,0.18181818181818182,0.18181818181818182,N,Not_Applicable(<30 pts),No_check_possible,No_check_possible,No_check_possible,No_check_possible,No_check_possible
2779,49149883,44,0.045454545454545456,0.045454545454545456,Y,0-40%,True,No_check_possible,No_check_possible,No_check_possible,No_check_possible
2780,100603127,47,0.0851063829787234,0.1276595744680851,Y,0-40%,True,No_check_possible,No_check_possible,No_check_possible,No_check_possible
2781,11694142,22,0.09090909090909091,0.09090909090909091,N,Not_Applicable(<30 pts),No_check_possible,No_check_possible,No_check_possible,No_check_possible,No_check_possible
2782,13699350,32,0.15625,0.28125,Y,0-40%,True,No_check_possible,No_check_possible,No_check_possible,No_check_possible
2783,42307172,17,0.11764705882352941,0.17647058823529413,N,Not_Applicable(<30 pts),No_check_possible,No_check_possible,No_check_possible,No_check_possible,No_check_possible
2784,102569904,42,0.11904761904761904,0.14285714285714285,Y,0-40%,True,No_check_possible,No_check_possible,No_check_possible,No_check_possible
2785,11619400,25,0.08,0.08,N,Not_Applicable(<30 pts),No_check_possible,No_check_possible,No_check_possible,No_check_possible,No_check_possible
2786,100697569,15,0.13333333333333333,0.13333333333333333,N,Not_Applicable(<30 pts),No_check_possible,No_check_possible,No_check_possible,No_check_possible,No_check_possible
2787,11209388,28,0.07142857142857142,0.07142857142857142,N,Not_Applicable(<30 pts),No_check_possible,No_check_possible,No_check_possible,No_check_possible,No_check_possible
2788,11023401,43,0.09302325581395349,0.09302325581395349,Y,0-40%,True,No_check_possible,No_check_possible,No_check_possible,No_check_possible
2789,102763274,57,0.03508771929824561,0.03508771929824561,Y,0-40%,True,No_check_possible,No_check_possible,No_check_possible,No_check_possible
2790,100485437,42,0.047619047619047616,0.047619047619047616,Y,0-40%,True,No_check_possible,No_check_possible,No_check_possible,No_check_possible
2791,11667754,5,0.4,0.4,N,Not_Applicable(<30 pts),No_check_possible,No_check_possible,No_check_possible,No_check_possible,No_check_possible
2792,16304764,31,0.1935483870967742,0.3548387096774194,Y,0-40%,True,No_check_possible,No_check_possible,No_check_possible,No_check_possible
2793,11292012,61,0.2786885245901639,0.5409836065573771,Y,0-40%,True,No_check_possible,No_check_possible,No_check_possible,No_check_possible
2794,101506999,7,0.2857142857142857,0.2857142857142857,N,Not_Applicable(<30 pts),No_check_possible,No_check_possible,No_check_possible,No_check_possible,No_check_possible
2795,11687329,56,0.05357142857142857,0.05357142857142857,Y,0-40%,True,No_check_possible,No_check_possible,No_check_possible,No_check_possible
2796,42219956,5,0.4,0.8,N,Not_Applicable(<30 pts),No_check_possible,No_check_possible,No_check_possible,No_check_possible,No_check_possible
2797,100429678,50,0.06,0.12,Y,0-40%,True,No_check_possible,No_check_possible,No_check_possible,No_check_possible
2798,11710329,55,0.07272727272727272,0.10909090909090909,Y,0-40%,False,trend-non-stationary,2,seasonal_stationary,0
2799,42076952,5,0.8,1.6,N,Not_Applicable(<30 pts),No_check_possible,No_check_possible,No_check_possible,No_check_possible,No_check_possible
2800,11676785,23,0.17391304347826086,0.30434782608695654,N,Not_Applicable(<30 pts),No_check_possible,No_check_possible,No_check_possible,No_check_possible,No_check_possible
2801,102176272,58,0.034482758620689655,0.034482758620689655,Y,0-40%,True,No_check_possible,No_check_possible,No_check_possible,No_check_possible
2802,102113115,16,0.125,0.125,N,Not_Applicable(<30 pts),No_check_possible,No_check_possible,No_check_possible,No_check_possible,No_check_possible
2803,102534263,58,0.034482758620689655,0.034482758620689655,Y,0-40%,True,No_check_possible,No_check_possible,No_check_possible,No_check_possible
2804,42215979,20,0.1,0.1,N,Not_Applicable(<30 pts),No_check_possible,No_check_possible,No_check_possible,No_check_possible,No_check_possible
2805,100663241,3,0.6666666666666666,0.6666666666666666,N,Not_Applicable(<30 pts),No_check_possible,No_check_possible,No_check_possible,No_check_possible,No_check_possible
2806,100060273,18,0.1111111111111111,0.1111111111111111,N,Not_Applicable(<30 pts),No_check_possible,No_check_possible,No_check_possible,No_check_possible,No_check_possible
2807,101502134,35,0.05714285714285714,0.08571428571428572,Y,0-40%,True,No_check_possible,No_check_possible,No_check_possible,No_check_possible
2808,11711170,46,0.043478260869565216,0.043478260869565216,Y,0-40%,True,No_check_possible,No_check_possible,No_check_possible,No_check_possible
2809,100602273,20,0.15,0.15,N,Not_Applicable(<30 pts),No_check_possible,No_check_possible,No_check_possible,No_check_possible,No_check_possible
2810,100785298,3,0.6666666666666666,1.0,N,Not_Applicable(<30 pts),No_check_possible,No_check_possible,No_check_possible,No_check_possible,No_check_possible
2811,100757866,16,0.1875,0.25,N,Not_Applicable(<30 pts),No_check_possible,No_check_possible,No_check_possible,No_check_possible,No_check_possible
2812,101899997,54,0.05555555555555555,0.05555555555555555,Y,0-40%,True,No_check_possible,No_check_possible,No_check_possible,No_check_possible
2813,15374509,59,0.1016949152542373,0.11864406779661017,Y,0-40%,True,No_check_possible,No_check_possible,No_check_possible,No_check_possible
2814,17058557,55,0.03636363636363636,0.03636363636363636,Y,0-40%,True,No_check_possible,No_check_possible,No_check_possible,No_check_possible
2815,11254096,43,0.046511627906976744,0.046511627906976744,Y,0-40%,True,No_check_possible,No_check_possible,No_check_possible,No_check_possible
2816,102186630,30,0.1,0.4,Y,0-40%,True,No_check_possible,No_check_possible,No_check_possible,No_check_possible
2817,11209757,44,0.045454545454545456,0.06818181818181818,Y,0-40%,True,No_check_possible,No_check_possible,No_check_possible,No_check_possible
2818,102757491,30,0.1,0.1,Y,0-40%,True,No_check_possible,No_check_possible,No_check_possible,No_check_possible
2819,100123397,57,0.05263157894736842,0.05263157894736842,Y,0-40%,True,No_check_possible,No_check_possible,No_check_possible,No_check_possible
2820,42217880,54,0.07407407407407407,0.12962962962962962,Y,0-40%,True,No_check_possible,No_check_possible,No_check_possible,No_check_possible
2821,100112767,15,0.13333333333333333,0.13333333333333333,N,Not_Applicable(<30 pts),No_check_possible,No_check_possible,No_check_possible,No_check_possible,No_check_possible
2822,11704316,47,0.0425531914893617,0.0425531914893617,Y,0-40%,True,No_check_possible,No_check_possible,No_check_possible,No_check_possible
2823,11693102,47,0.0425531914893617,0.0425531914893617,Y,0-40%,True,No_check_possible,No_check_possible,No_check_possible,No_check_possible
2824,11145721,47,0.0425531914893617,0.0425531914893617,Y,0-40%,True,No_check_possible,No_check_possible,No_check_possible,No_check_possible
2825,11020765,47,0.0425531914893617,0.0425531914893617,Y,0-40%,True,No_check_possible,No_check_possible,No_check_possible,No_check_possible
2826,102095936,34,0.11764705882352941,0.14705882352941177,Y,0-40%,True,No_check_possible,No_check_possible,No_check_possible,No_check_possible
2827,11210126,10,0.2,0.2,N,Not_Applicable(<30 pts),No_check_possible,No_check_possible,No_check_possible,No_check_possible,No_check_possible
2828,42216587,4,0.25,0.25,N,Not_Applicable(<30 pts),No_check_possible,No_check_possible,No_check_possible,No_check_possible,No_check_possible
2829,42151463,13,0.15384615384615385,0.23076923076923078,N,Not_Applicable(<30 pts),No_check_possible,No_check_possible,No_check_possible,No_check_possible,No_check_possible
2830,42151015,49,0.04081632653061224,0.04081632653061224,Y,0-40%,True,No_check_possible,No_check_possible,No_check_possible,No_check_possible
2831,34330025,7,0.2857142857142857,0.2857142857142857,N,Not_Applicable(<30 pts),No_check_possible,No_check_possible,No_check_possible,No_check_possible,No_check_possible
2832,15230510,16,0.125,0.125,N,Not_Applicable(<30 pts),No_check_possible,No_check_possible,No_check_possible,No_check_possible,No_check_possible
2833,11712493,26,0.11538461538461539,0.15384615384615385,N,Not_Applicable(<30 pts),No_check_possible,No_check_possible,No_check_possible,No_check_possible,No_check_possible
2834,15407926,6,0.16666666666666666,0.16666666666666666,N,Not_Applicable(<30 pts),No_check_possible,No_check_possible,No_check_possible,No_check_possible,No_check_possible
2835,1344516,46,0.06521739130434782,0.06521739130434782,Y,0-40%,True,No_check_possible,No_check_possible,No_check_possible,No_check_possible
2836,11340975,17,0.17647058823529413,0.17647058823529413,N,Not_Applicable(<30 pts),No_check_possible,No_check_possible,No_check_possible,No_check_possible,No_check_possible
2837,11019438,17,0.23529411764705882,0.23529411764705882,N,Not_Applicable(<30 pts),No_check_possible,No_check_possible,No_check_possible,No_check_possible,No_check_possible
2838,101807946,22,0.09090909090909091,0.13636363636363635,N,Not_Applicable(<30 pts),No_check_possible,No_check_possible,No_check_possible,No_check_possible,No_check_possible
2839,15615964,3,0.6666666666666666,0.6666666666666666,N,Not_Applicable(<30 pts),No_check_possible,No_check_possible,No_check_possible,No_check_possible,No_check_possible
2840,11238262,58,0.05172413793103448,0.05172413793103448,Y,0-40%,True,No_check_possible,No_check_possible,No_check_possible,No_check_possible
2841,102612088,59,0.0847457627118644,0.1016949152542373,Y,0-40%,True,No_check_possible,No_check_possible,No_check_possible,No_check_possible
2842,102407822,48,0.041666666666666664,0.041666666666666664,Y,0-40%,True,No_check_possible,No_check_possible,No_check_possible,No_check_possible
2843,16340115,55,0.07272727272727272,0.09090909090909091,Y,0-40%,True,No_check_possible,No_check_possible,No_check_possible,No_check_possible
2844,100512735,58,0.10344827586206896,0.1896551724137931,Y,0-40%,True,No_check_possible,No_check_possible,No_check_possible,No_check_possible
2845,100412871,20,0.1,0.2,N,Not_Applicable(<30 pts),No_check_possible,No_check_possible,No_check_possible,No_check_possible,No_check_possible
2846,42151756,48,0.08333333333333333,0.14583333333333334,Y,0-40%,True,No_check_possible,No_check_possible,No_check_possible,No_check_possible
2847,42221749,53,0.07547169811320754,0.09433962264150944,Y,0-40%,True,No_check_possible,No_check_possible,No_check_possible,No_check_possible
2848,16752760,46,0.043478260869565216,0.043478260869565216,Y,0-40%,True,No_check_possible,No_check_possible,No_check_possible,No_check_possible
2849,100585988,11,0.18181818181818182,0.18181818181818182,N,Not_Applicable(<30 pts),No_check_possible,No_check_possible,No_check_possible,No_check_possible,No_check_possible
2850,12608774,42,0.07142857142857142,0.07142857142857142,Y,0-40%,True,No_check_possible,No_check_possible,No_check_possible,No_check_possible
2851,14569570,42,0.07142857142857142,0.11904761904761904,Y,0-40%,True,No_check_possible,No_check_possible,No_check_possible,No_check_possible
2852,15743475,9,0.2222222222222222,0.2222222222222222,N,Not_Applicable(<30 pts),No_check_possible,No_check_possible,No_check_possible,No_check_possible,No_check_possible
2853,15744059,17,0.17647058823529413,0.17647058823529413,N,Not_Applicable(<30 pts),No_check_possible,No_check_possible,No_check_possible,No_check_possible,No_check_possible
2854,15996387,9,0.2222222222222222,0.2222222222222222,N,Not_Applicable(<30 pts),No_check_possible,No_check_possible,No_check_possible,No_check_possible,No_check_possible
2855,37458500,5,0.4,0.4,N,Not_Applicable(<30 pts),No_check_possible,No_check_possible,No_check_possible,No_check_possible,No_check_possible
2856,42052876,17,0.11764705882352941,0.11764705882352941,N,Not_Applicable(<30 pts),No_check_possible,No_check_possible,No_check_possible,No_check_possible,No_check_possible
2857,102539156,52,0.09615384615384616,0.09615384615384616,Y,0-40%,True,No_check_possible,No_check_possible,No_check_possible,No_check_possible
2858,11457806,23,0.043478260869565216,0.043478260869565216,N,Not_Applicable(<30 pts),No_check_possible,No_check_possible,No_check_possible,No_check_possible,No_check_possible
2859,11266306,46,0.06521739130434782,0.08695652173913043,Y,0-40%,True,No_check_possible,No_check_possible,No_check_possible,No_check_possible
2860,16368107,17,0.11764705882352941,0.11764705882352941,N,Not_Applicable(<30 pts),No_check_possible,No_check_possible,No_check_possible,No_check_possible,No_check_possible
2861,101499412,54,0.1111111111111111,0.14814814814814814,Y,0-40%,True,No_check_possible,No_check_possible,No_check_possible,No_check_possible
2862,11690343,43,0.046511627906976744,0.046511627906976744,Y,0-40%,True,No_check_possible,No_check_possible,No_check_possible,No_check_possible
2863,37528959,48,0.041666666666666664,0.041666666666666664,Y,0-40%,True,No_check_possible,No_check_possible,No_check_possible,No_check_possible
2864,25016855,25,0.08,0.08,N,Not_Applicable(<30 pts),No_check_possible,No_check_possible,No_check_possible,No_check_possible,No_check_possible
2865,102824614,4,0.5,0.5,N,Not_Applicable(<30 pts),No_check_possible,No_check_possible,No_check_possible,No_check_possible,No_check_possible
2866,11329402,50,0.06,0.06,Y,0-40%,True,No_check_possible,No_check_possible,No_check_possible,No_check_possible
2867,11028602,54,0.037037037037037035,0.05555555555555555,Y,0-40%,True,No_check_possible,No_check_possible,No_check_possible,No_check_possible
2868,13832360,16,0.1875,0.1875,N,Not_Applicable(<30 pts),No_check_possible,No_check_possible,No_check_possible,No_check_possible,No_check_possible
2869,11292895,54,0.037037037037037035,0.037037037037037035,Y,0-40%,True,No_check_possible,No_check_possible,No_check_possible,No_check_possible
2870,11668170,12,0.16666666666666666,0.16666666666666666,N,Not_Applicable(<30 pts),No_check_possible,No_check_possible,No_check_possible,No_check_possible,No_check_possible
2871,100060921,21,0.14285714285714285,0.5238095238095238,N,Not_Applicable(<30 pts),No_check_possible,No_check_possible,No_check_possible,No_check_possible,No_check_possible
2872,11670035,22,0.13636363636363635,0.2727272727272727,N,Not_Applicable(<30 pts),No_check_possible,No_check_possible,No_check_possible,No_check_possible,No_check_possible
2873,11033815,55,0.03636363636363636,0.03636363636363636,Y,0-40%,True,No_check_possible,No_check_possible,No_check_possible,No_check_possible
2874,11691824,5,0.4,0.6,N,Not_Applicable(<30 pts),No_check_possible,No_check_possible,No_check_possible,No_check_possible,No_check_possible
2875,11058947,57,0.03508771929824561,0.03508771929824561,Y,0-40%,True,No_check_possible,No_check_possible,No_check_possible,No_check_possible
2876,102176879,50,0.06,0.08,Y,0-40%,True,No_check_possible,No_check_possible,No_check_possible,No_check_possible
2877,45871943,54,0.09259259259259259,0.12962962962962962,Y,0-40%,True,No_check_possible,No_check_possible,No_check_possible,No_check_possible
2878,102066283,42,0.23809523809523808,0.42857142857142855,Y,0-40%,False,trend-non-stationary,1,seasonal_stationary,0
2879,11312384,4,0.5,0.5,N,Not_Applicable(<30 pts),No_check_possible,No_check_possible,No_check_possible,No_check_possible,No_check_possible
2880,42123915,51,0.0784313725490196,0.09803921568627451,Y,0-40%,True,No_check_possible,No_check_possible,No_check_possible,No_check_possible
2881,11022241,3,0.6666666666666666,0.6666666666666666,N,Not_Applicable(<30 pts),No_check_possible,No_check_possible,No_check_possible,No_check_possible,No_check_possible
2882,100824321,31,0.12903225806451613,0.12903225806451613,Y,0-40%,True,No_check_possible,No_check_possible,No_check_possible,No_check_possible
2883,42144782,21,0.09523809523809523,0.09523809523809523,N,Not_Applicable(<30 pts),No_check_possible,No_check_possible,No_check_possible,No_check_possible,No_check_possible
2884,11240591,57,0.03508771929824561,0.03508771929824561,Y,0-40%,True,No_check_possible,No_check_possible,No_check_possible,No_check_possible
2885,11160972,56,0.10714285714285714,1.2321428571428572,Y,0-40%,True,No_check_possible,No_check_possible,No_check_possible,No_check_possible
2886,11656778,29,0.10344827586206896,0.10344827586206896,N,Not_Applicable(<30 pts),No_check_possible,No_check_possible,No_check_possible,No_check_possible,No_check_possible
2887,16276784,22,0.18181818181818182,0.18181818181818182,N,Not_Applicable(<30 pts),No_check_possible,No_check_possible,No_check_possible,No_check_possible,No_check_possible
2888,102117741,13,0.07692307692307693,0.07692307692307693,N,Not_Applicable(<30 pts),No_check_possible,No_check_possible,No_check_possible,No_check_possible,No_check_possible
2889,42149603,31,0.03225806451612903,0.03225806451612903,Y,0-40%,True,No_check_possible,No_check_possible,No_check_possible,No_check_possible
2890,11707377,16,0.125,0.125,N,Not_Applicable(<30 pts),No_check_possible,No_check_possible,No_check_possible,No_check_possible,No_check_possible
2891,49065927,9,0.2222222222222222,0.2222222222222222,N,Not_Applicable(<30 pts),No_check_possible,No_check_possible,No_check_possible,No_check_possible,No_check_possible
2892,100663155,29,0.06896551724137931,0.10344827586206896,N,Not_Applicable(<30 pts),No_check_possible,No_check_possible,No_check_possible,No_check_possible,No_check_possible
2893,15728281,3,0.6666666666666666,2.3333333333333335,N,Not_Applicable(<30 pts),No_check_possible,No_check_possible,No_check_possible,No_check_possible,No_check_possible
2894,49162897,27,0.2222222222222222,0.5185185185185185,N,Not_Applicable(<30 pts),No_check_possible,No_check_possible,No_check_possible,No_check_possible,No_check_possible
2895,11640150,8,0.125,0.125,N,Not_Applicable(<30 pts),No_check_possible,No_check_possible,No_check_possible,No_check_possible,No_check_possible
2896,100724752,48,0.0625,0.0625,Y,0-40%,True,No_check_possible,No_check_possible,No_check_possible,No_check_possible
2897,102216289,56,0.19642857142857142,1.1964285714285714,Y,0-40%,True,No_check_possible,No_check_possible,No_check_possible,No_check_possible
2898,42206945,53,0.07547169811320754,0.11320754716981132,Y,0-40%,True,No_check_possible,No_check_possible,No_check_possible,No_check_possible
2899,42206522,49,0.061224489795918366,0.061224489795918366,Y,0-40%,True,No_check_possible,No_check_possible,No_check_possible,No_check_possible
2900,11233160,3,0.6666666666666666,0.6666666666666666,N,Not_Applicable(<30 pts),No_check_possible,No_check_possible,No_check_possible,No_check_possible,No_check_possible
2901,11705191,33,0.06060606060606061,0.09090909090909091,Y,0-40%,True,No_check_possible,No_check_possible,No_check_possible,No_check_possible
2902,11506636,47,0.06382978723404255,0.06382978723404255,Y,0-40%,True,No_check_possible,No_check_possible,No_check_possible,No_check_possible
2903,49100732,55,0.05454545454545454,0.09090909090909091,Y,0-40%,True,No_check_possible,No_check_possible,No_check_possible,No_check_possible
2904,100485377,50,0.04,0.04,Y,0-40%,True,No_check_possible,No_check_possible,No_check_possible,No_check_possible
2905,11559192,49,0.061224489795918366,0.22448979591836735,Y,0-40%,True,No_check_possible,No_check_possible,No_check_possible,No_check_possible
2906,100775183,30,0.16666666666666666,0.2,Y,0-40%,True,No_check_possible,No_check_possible,No_check_possible,No_check_possible
2907,102550748,50,0.1,0.1,Y,0-40%,True,No_check_possible,No_check_possible,No_check_possible,No_check_possible
2908,101837613,23,0.30434782608695654,0.43478260869565216,N,Not_Applicable(<30 pts),No_check_possible,No_check_possible,No_check_possible,No_check_possible,No_check_possible
2909,102636104,13,0.15384615384615385,0.23076923076923078,N,Not_Applicable(<30 pts),No_check_possible,No_check_possible,No_check_possible,No_check_possible,No_check_possible
2910,42142802,56,0.16071428571428573,0.19642857142857142,Y,0-40%,True,No_check_possible,No_check_possible,No_check_possible,No_check_possible
2911,11477969,24,0.08333333333333333,0.08333333333333333,N,Not_Applicable(<30 pts),No_check_possible,No_check_possible,No_check_possible,No_check_possible,No_check_possible
2912,11195619,28,0.07142857142857142,0.07142857142857142,N,Not_Applicable(<30 pts),No_check_possible,No_check_possible,No_check_possible,No_check_possible,No_check_possible
2913,11549009,10,0.2,0.2,N,Not_Applicable(<30 pts),No_check_possible,No_check_possible,No_check_possible,No_check_possible,No_check_possible
2914,100446698,39,0.05128205128205128,0.05128205128205128,Y,0-40%,True,No_check_possible,No_check_possible,No_check_possible,No_check_possible
2915,102186774,44,0.11363636363636363,0.25,Y,0-40%,True,No_check_possible,No_check_possible,No_check_possible,No_check_possible
2916,37459188,41,0.07317073170731707,0.07317073170731707,Y,0-40%,True,No_check_possible,No_check_possible,No_check_possible,No_check_possible
2917,102584787,9,0.1111111111111111,0.1111111111111111,N,Not_Applicable(<30 pts),No_check_possible,No_check_possible,No_check_possible,No_check_possible,No_check_possible
2918,100596963,12,0.16666666666666666,0.16666666666666666,N,Not_Applicable(<30 pts),No_check_possible,No_check_possible,No_check_possible,No_check_possible,No_check_possible
2919,100672157,12,0.16666666666666666,0.16666666666666666,N,Not_Applicable(<30 pts),No_check_possible,No_check_possible,No_check_possible,No_check_possible,No_check_possible
2920,101900350,12,0.16666666666666666,0.16666666666666666,N,Not_Applicable(<30 pts),No_check_possible,No_check_possible,No_check_possible,No_check_possible,No_check_possible
2921,11259324,9,0.1111111111111111,0.1111111111111111,N,Not_Applicable(<30 pts),No_check_possible,No_check_possible,No_check_possible,No_check_possible,No_check_possible
2922,11052082,11,0.09090909090909091,0.09090909090909091,N,Not_Applicable(<30 pts),No_check_possible,No_check_possible,No_check_possible,No_check_possible,No_check_possible
2923,100103344,59,0.11864406779661017,0.1694915254237288,Y,0-40%,True,No_check_possible,No_check_possible,No_check_possible,No_check_possible
2924,16181414,32,0.15625,0.15625,Y,0-40%,True,No_check_possible,No_check_possible,No_check_possible,No_check_possible
2925,11085337,15,0.2,0.26666666666666666,N,Not_Applicable(<30 pts),No_check_possible,No_check_possible,No_check_possible,No_check_possible,No_check_possible
2926,11230319,20,0.15,0.15,N,Not_Applicable(<30 pts),No_check_possible,No_check_possible,No_check_possible,No_check_possible,No_check_possible
2927,11583233,49,0.061224489795918366,0.061224489795918366,Y,0-40%,True,No_check_possible,No_check_possible,No_check_possible,No_check_possible
2928,11673368,20,0.1,0.1,N,Not_Applicable(<30 pts),No_check_possible,No_check_possible,No_check_possible,No_check_possible,No_check_possible
2929,49162143,52,0.038461538461538464,0.057692307692307696,Y,0-40%,True,No_check_possible,No_check_possible,No_check_possible,No_check_possible
2930,11329289,46,0.06521739130434782,0.06521739130434782,Y,0-40%,True,No_check_possible,No_check_possible,No_check_possible,No_check_possible
2931,15749672,43,0.06976744186046512,0.06976744186046512,Y,0-40%,True,No_check_possible,No_check_possible,No_check_possible,No_check_possible
2932,100009356,54,0.05555555555555555,0.07407407407407407,Y,0-40%,True,No_check_possible,No_check_possible,No_check_possible,No_check_possible
2933,102530252,9,0.2222222222222222,0.2222222222222222,N,Not_Applicable(<30 pts),No_check_possible,No_check_possible,No_check_possible,No_check_possible,No_check_possible
2934,11157897,28,0.07142857142857142,0.07142857142857142,N,Not_Applicable(<30 pts),No_check_possible,No_check_possible,No_check_possible,No_check_possible,No_check_possible
2935,42307701,55,0.05454545454545454,0.05454545454545454,Y,0-40%,True,No_check_possible,No_check_possible,No_check_possible,No_check_possible
2936,15403234,14,0.21428571428571427,0.21428571428571427,N,Not_Applicable(<30 pts),No_check_possible,No_check_possible,No_check_possible,No_check_possible,No_check_possible
2937,100129969,29,0.06896551724137931,0.10344827586206896,N,Not_Applicable(<30 pts),No_check_possible,No_check_possible,No_check_possible,No_check_possible,No_check_possible
2938,11677452,54,0.037037037037037035,0.07407407407407407,Y,0-40%,True,No_check_possible,No_check_possible,No_check_possible,No_check_possible
2939,100697545,56,0.05357142857142857,0.08928571428571429,Y,0-40%,True,No_check_possible,No_check_possible,No_check_possible,No_check_possible
2940,102504034,11,0.18181818181818182,1.5454545454545454,N,Not_Applicable(<30 pts),No_check_possible,No_check_possible,No_check_possible,No_check_possible,No_check_possible
2941,100103196,27,0.14814814814814814,0.14814814814814814,N,Not_Applicable(<30 pts),No_check_possible,No_check_possible,No_check_possible,No_check_possible,No_check_possible
2942,11235149,48,0.020833333333333332,0.020833333333333332,Y,0-40%,True,No_check_possible,No_check_possible,No_check_possible,No_check_possible
2943,11611073,12,0.16666666666666666,0.16666666666666666,N,Not_Applicable(<30 pts),No_check_possible,No_check_possible,No_check_possible,No_check_possible,No_check_possible
2944,101444355,28,0.07142857142857142,0.07142857142857142,N,Not_Applicable(<30 pts),No_check_possible,No_check_possible,No_check_possible,No_check_possible,No_check_possible
2945,100240663,33,0.09090909090909091,0.09090909090909091,Y,0-40%,True,No_check_possible,No_check_possible,No_check_possible,No_check_possible
2946,100663797,39,0.10256410256410256,0.10256410256410256,Y,0-40%,True,No_check_possible,No_check_possible,No_check_possible,No_check_possible
2947,100671889,33,0.09090909090909091,0.09090909090909091,Y,0-40%,True,No_check_possible,No_check_possible,No_check_possible,No_check_possible
2948,100240231,29,0.06896551724137931,0.06896551724137931,N,Not_Applicable(<30 pts),No_check_possible,No_check_possible,No_check_possible,No_check_possible,No_check_possible
2949,16340105,27,0.1111111111111111,0.1111111111111111,N,Not_Applicable(<30 pts),No_check_possible,No_check_possible,No_check_possible,No_check_possible,No_check_possible
2950,21917406,24,0.08333333333333333,0.08333333333333333,N,Not_Applicable(<30 pts),No_check_possible,No_check_possible,No_check_possible,No_check_possible,No_check_possible
2951,101934503,9,0.1111111111111111,0.1111111111111111,N,Not_Applicable(<30 pts),No_check_possible,No_check_possible,No_check_possible,No_check_possible,No_check_possible
2952,102189569,42,0.07142857142857142,0.09523809523809523,Y,0-40%,True,No_check_possible,No_check_possible,No_check_possible,No_check_possible
2953,102293640,6,0.3333333333333333,0.3333333333333333,N,Not_Applicable(<30 pts),No_check_possible,No_check_possible,No_check_possible,No_check_possible,No_check_possible
2954,11458420,55,0.03636363636363636,0.03636363636363636,Y,0-40%,True,No_check_possible,No_check_possible,No_check_possible,No_check_possible
2955,11297457,50,0.18,0.34,Y,0-40%,True,No_check_possible,No_check_possible,No_check_possible,No_check_possible
2956,102300162,10,0.2,0.4,N,Not_Applicable(<30 pts),No_check_possible,No_check_possible,No_check_possible,No_check_possible,No_check_possible
2957,101900094,54,0.05555555555555555,0.05555555555555555,Y,0-40%,True,No_check_possible,No_check_possible,No_check_possible,No_check_possible
2958,42205346,3,0.6666666666666666,0.6666666666666666,N,Not_Applicable(<30 pts),No_check_possible,No_check_possible,No_check_possible,No_check_possible,No_check_possible
2959,11129725,46,0.08695652173913043,0.08695652173913043,Y,0-40%,True,No_check_possible,No_check_possible,No_check_possible,No_check_possible
2960,11522288,51,0.0392156862745098,0.0392156862745098,Y,0-40%,True,No_check_possible,No_check_possible,No_check_possible,No_check_possible
2961,42210249,33,0.15151515151515152,0.18181818181818182,Y,0-40%,True,No_check_possible,No_check_possible,No_check_possible,No_check_possible
2962,102294616,50,0.04,0.04,Y,0-40%,True,No_check_possible,No_check_possible,No_check_possible,No_check_possible
2963,102283938,23,0.13043478260869565,0.13043478260869565,N,Not_Applicable(<30 pts),No_check_possible,No_check_possible,No_check_possible,No_check_possible,No_check_possible
2964,102529802,23,0.08695652173913043,0.08695652173913043,N,Not_Applicable(<30 pts),No_check_possible,No_check_possible,No_check_possible,No_check_possible,No_check_possible
2965,102567645,23,0.08695652173913043,0.08695652173913043,N,Not_Applicable(<30 pts),No_check_possible,No_check_possible,No_check_possible,No_check_possible,No_check_possible
2966,102562934,23,0.08695652173913043,0.08695652173913043,N,Not_Applicable(<30 pts),No_check_possible,No_check_possible,No_check_possible,No_check_possible,No_check_possible
2967,102592814,23,0.08695652173913043,0.08695652173913043,N,Not_Applicable(<30 pts),No_check_possible,No_check_possible,No_check_possible,No_check_possible,No_check_possible
2968,102559424,11,0.18181818181818182,0.18181818181818182,N,Not_Applicable(<30 pts),No_check_possible,No_check_possible,No_check_possible,No_check_possible,No_check_possible
2969,101934305,48,0.0625,0.0625,Y,0-40%,True,No_check_possible,No_check_possible,No_check_possible,No_check_possible
2970,102525734,23,0.08695652173913043,0.08695652173913043,N,Not_Applicable(<30 pts),No_check_possible,No_check_possible,No_check_possible,No_check_possible,No_check_possible
2971,100764423,23,0.08695652173913043,0.08695652173913043,N,Not_Applicable(<30 pts),No_check_possible,No_check_possible,No_check_possible,No_check_possible,No_check_possible
2972,102644373,56,0.03571428571428571,0.03571428571428571,Y,0-40%,True,No_check_possible,No_check_possible,No_check_possible,No_check_possible
2973,49162257,13,0.07692307692307693,0.07692307692307693,N,Not_Applicable(<30 pts),No_check_possible,No_check_possible,No_check_possible,No_check_possible,No_check_possible
2974,11560076,49,0.04081632653061224,0.04081632653061224,Y,0-40%,True,No_check_possible,No_check_possible,No_check_possible,No_check_possible
2975,100727998,14,0.07142857142857142,0.07142857142857142,N,Not_Applicable(<30 pts),No_check_possible,No_check_possible,No_check_possible,No_check_possible,No_check_possible
2976,11698533,21,0.14285714285714285,0.3333333333333333,N,Not_Applicable(<30 pts),No_check_possible,No_check_possible,No_check_possible,No_check_possible,No_check_possible
2977,12395452,44,0.045454545454545456,0.045454545454545456,Y,0-40%,True,No_check_possible,No_check_possible,No_check_possible,No_check_possible
2978,42142761,13,0.15384615384615385,0.15384615384615385,N,Not_Applicable(<30 pts),No_check_possible,No_check_possible,No_check_possible,No_check_possible,No_check_possible
2979,11239055,10,0.1,0.1,N,Not_Applicable(<30 pts),No_check_possible,No_check_possible,No_check_possible,No_check_possible,No_check_possible
2980,102632951,28,0.07142857142857142,0.07142857142857142,N,Not_Applicable(<30 pts),No_check_possible,No_check_possible,No_check_possible,No_check_possible,No_check_possible
2981,49122531,42,0.047619047619047616,0.047619047619047616,Y,0-40%,True,No_check_possible,No_check_possible,No_check_possible,No_check_possible
2982,47299296,20,0.1,0.1,N,Not_Applicable(<30 pts),No_check_possible,No_check_possible,No_check_possible,No_check_possible,No_check_possible
2983,42152197,32,0.0625,0.0625,Y,0-40%,True,No_check_possible,No_check_possible,No_check_possible,No_check_possible
2984,11688003,13,0.15384615384615385,0.15384615384615385,N,Not_Applicable(<30 pts),No_check_possible,No_check_possible,No_check_possible,No_check_possible,No_check_possible
2985,42208263,51,0.09803921568627451,0.09803921568627451,Y,0-40%,True,No_check_possible,No_check_possible,No_check_possible,No_check_possible
2986,15782245,56,0.05357142857142857,0.05357142857142857,Y,0-40%,True,No_check_possible,No_check_possible,No_check_possible,No_check_possible
2987,11021942,50,0.02,0.02,Y,0-40%,True,No_check_possible,No_check_possible,No_check_possible,No_check_possible
2988,11521959,18,0.05555555555555555,0.1111111111111111,N,Not_Applicable(<30 pts),No_check_possible,No_check_possible,No_check_possible,No_check_possible,No_check_possible
2989,11689973,10,0.2,0.2,N,Not_Applicable(<30 pts),No_check_possible,No_check_possible,No_check_possible,No_check_possible,No_check_possible
2990,42148341,11,0.09090909090909091,0.09090909090909091,N,Not_Applicable(<30 pts),No_check_possible,No_check_possible,No_check_possible,No_check_possible,No_check_possible
2991,101506981,19,0.10526315789473684,0.10526315789473684,N,Not_Applicable(<30 pts),No_check_possible,No_check_possible,No_check_possible,No_check_possible,No_check_possible
2992,16302089,40,0.125,0.2,Y,0-40%,True,No_check_possible,No_check_possible,No_check_possible,No_check_possible
2993,100135913,20,0.1,0.2,N,Not_Applicable(<30 pts),No_check_possible,No_check_possible,No_check_possible,No_check_possible,No_check_possible
2994,49048891,31,0.06451612903225806,0.16129032258064516,Y,0-40%,True,No_check_possible,No_check_possible,No_check_possible,No_check_possible
2995,100597153,53,0.3584905660377358,1.0754716981132075,Y,0-40%,True,No_check_possible,No_check_possible,No_check_possible,No_check_possible
2996,100147682,8,0.25,0.375,N,Not_Applicable(<30 pts),No_check_possible,No_check_possible,No_check_possible,No_check_possible,No_check_possible
2997,100716285,26,0.11538461538461539,0.19230769230769232,N,Not_Applicable(<30 pts),No_check_possible,No_check_possible,No_check_possible,No_check_possible,No_check_possible
2998,100512656,48,0.10416666666666667,0.125,Y,0-40%,True,No_check_possible,No_check_possible,No_check_possible,No_check_possible
2999,49048976,44,0.06818181818181818,0.06818181818181818,Y,0-40%,True,No_check_possible,No_check_possible,No_check_possible,No_check_possible
3000,100862057,58,0.39655172413793105,0.8103448275862069,Y,0-40%,True,No_check_possible,No_check_possible,No_check_possible,No_check_possible
3001,100591056,26,0.07692307692307693,0.34615384615384615,N,Not_Applicable(<30 pts),No_check_possible,No_check_possible,No_check_possible,No_check_possible,No_check_possible
3002,100641163,23,0.043478260869565216,0.08695652173913043,N,Not_Applicable(<30 pts),No_check_possible,No_check_possible,No_check_possible,No_check_possible,No_check_possible
3003,100240558,50,0.04,0.04,Y,0-40%,True,No_check_possible,No_check_possible,No_check_possible,No_check_possible
3004,102158036,44,0.045454545454545456,0.045454545454545456,Y,0-40%,True,No_check_possible,No_check_possible,No_check_possible,No_check_possible
3005,42124033,26,0.07692307692307693,0.11538461538461539,N,Not_Applicable(<30 pts),No_check_possible,No_check_possible,No_check_possible,No_check_possible,No_check_possible
3006,11330652,16,0.125,0.1875,N,Not_Applicable(<30 pts),No_check_possible,No_check_possible,No_check_possible,No_check_possible,No_check_possible
3007,100712558,16,0.125,0.1875,N,Not_Applicable(<30 pts),No_check_possible,No_check_possible,No_check_possible,No_check_possible,No_check_possible
3008,42211398,28,0.21428571428571427,0.32142857142857145,N,Not_Applicable(<30 pts),No_check_possible,No_check_possible,No_check_possible,No_check_possible,No_check_possible
3009,100861962,6,0.3333333333333333,0.6666666666666666,N,Not_Applicable(<30 pts),No_check_possible,No_check_possible,No_check_possible,No_check_possible,No_check_possible
3010,15727637,14,0.14285714285714285,0.14285714285714285,N,Not_Applicable(<30 pts),No_check_possible,No_check_possible,No_check_possible,No_check_possible,No_check_possible
3011,15732397,29,0.10344827586206896,0.10344827586206896,N,Not_Applicable(<30 pts),No_check_possible,No_check_possible,No_check_possible,No_check_possible,No_check_possible
3012,42139286,13,0.07692307692307693,0.07692307692307693,N,Not_Applicable(<30 pts),No_check_possible,No_check_possible,No_check_possible,No_check_possible,No_check_possible
3013,100607406,56,0.4107142857142857,1.2678571428571428,Y,40-70%,True,No_check_possible,No_check_possible,No_check_possible,No_check_possible
3014,11297043,47,0.0425531914893617,0.0425531914893617,Y,0-40%,True,No_check_possible,No_check_possible,No_check_possible,No_check_possible
3015,100512350,29,0.034482758620689655,0.06896551724137931,N,Not_Applicable(<30 pts),No_check_possible,No_check_possible,No_check_possible,No_check_possible,No_check_possible
3016,11379894,11,0.18181818181818182,0.18181818181818182,N,Not_Applicable(<30 pts),No_check_possible,No_check_possible,No_check_possible,No_check_possible,No_check_possible
3017,11712496,4,0.5,0.75,N,Not_Applicable(<30 pts),No_check_possible,No_check_possible,No_check_possible,No_check_possible,No_check_possible
3018,11196622,15,0.2,0.2,N,Not_Applicable(<30 pts),No_check_possible,No_check_possible,No_check_possible,No_check_possible,No_check_possible
3019,100412876,27,0.07407407407407407,0.07407407407407407,N,Not_Applicable(<30 pts),No_check_possible,No_check_possible,No_check_possible,No_check_possible,No_check_possible
3020,15736219,46,0.043478260869565216,0.043478260869565216,Y,0-40%,True,No_check_possible,No_check_possible,No_check_possible,No_check_possible
3021,100862477,45,0.06666666666666667,0.06666666666666667,Y,0-40%,True,No_check_possible,No_check_possible,No_check_possible,No_check_possible
3022,49076580,50,0.08,0.1,Y,0-40%,True,No_check_possible,No_check_possible,No_check_possible,No_check_possible
3023,15727643,15,0.06666666666666667,0.06666666666666667,N,Not_Applicable(<30 pts),No_check_possible,No_check_possible,No_check_possible,No_check_possible,No_check_possible
3024,100697004,50,0.04,0.04,Y,0-40%,True,No_check_possible,No_check_possible,No_check_possible,No_check_possible
3025,11661756,15,0.2,0.2,N,Not_Applicable(<30 pts),No_check_possible,No_check_possible,No_check_possible,No_check_possible,No_check_possible
3026,16630699,52,0.09615384615384616,0.5384615384615384,Y,0-40%,True,No_check_possible,No_check_possible,No_check_possible,No_check_possible
3027,25013832,22,0.13636363636363635,0.3181818181818182,N,Not_Applicable(<30 pts),No_check_possible,No_check_possible,No_check_possible,No_check_possible,No_check_possible
3028,13698892,6,0.3333333333333333,0.6666666666666666,N,Not_Applicable(<30 pts),No_check_possible,No_check_possible,No_check_possible,No_check_possible,No_check_possible
3029,11235394,50,0.08,0.18,Y,0-40%,True,No_check_possible,No_check_possible,No_check_possible,No_check_possible
3030,100804647,45,0.044444444444444446,0.06666666666666667,Y,0-40%,True,No_check_possible,No_check_possible,No_check_possible,No_check_possible
3031,102279970,49,0.02040816326530612,0.02040816326530612,Y,0-40%,True,No_check_possible,No_check_possible,No_check_possible,No_check_possible
3032,42146590,38,0.07894736842105263,0.07894736842105263,Y,0-40%,True,No_check_possible,No_check_possible,No_check_possible,No_check_possible
3033,11695672,7,0.2857142857142857,0.2857142857142857,N,Not_Applicable(<30 pts),No_check_possible,No_check_possible,No_check_possible,No_check_possible,No_check_possible
3034,11520081,28,0.07142857142857142,0.07142857142857142,N,Not_Applicable(<30 pts),No_check_possible,No_check_possible,No_check_possible,No_check_possible,No_check_possible
3035,16934393,51,0.0784313725490196,0.0784313725490196,Y,0-40%,True,No_check_possible,No_check_possible,No_check_possible,No_check_possible
3036,101405865,22,0.09090909090909091,0.09090909090909091,N,Not_Applicable(<30 pts),No_check_possible,No_check_possible,No_check_possible,No_check_possible,No_check_possible
3037,101405720,53,0.05660377358490566,0.05660377358490566,Y,0-40%,True,No_check_possible,No_check_possible,No_check_possible,No_check_possible
3038,15496986,57,0.03508771929824561,0.05263157894736842,Y,0-40%,True,No_check_possible,No_check_possible,No_check_possible,No_check_possible
3039,102590312,50,0.1,0.48,Y,0-40%,True,No_check_possible,No_check_possible,No_check_possible,No_check_possible
3040,11247914,11,0.09090909090909091,0.09090909090909091,N,Not_Applicable(<30 pts),No_check_possible,No_check_possible,No_check_possible,No_check_possible,No_check_possible
3041,12669600,18,0.05555555555555555,0.05555555555555555,N,Not_Applicable(<30 pts),No_check_possible,No_check_possible,No_check_possible,No_check_possible,No_check_possible
3042,11085357,25,0.12,0.56,N,Not_Applicable(<30 pts),No_check_possible,No_check_possible,No_check_possible,No_check_possible,No_check_possible
3043,100620842,4,0.25,0.25,N,Not_Applicable(<30 pts),No_check_possible,No_check_possible,No_check_possible,No_check_possible,No_check_possible
3044,16297656,53,0.03773584905660377,0.03773584905660377,Y,0-40%,True,No_check_possible,No_check_possible,No_check_possible,No_check_possible
3045,101957232,25,0.12,0.12,N,Not_Applicable(<30 pts),No_check_possible,No_check_possible,No_check_possible,No_check_possible,No_check_possible
3046,49093904,16,0.125,0.125,N,Not_Applicable(<30 pts),No_check_possible,No_check_possible,No_check_possible,No_check_possible,No_check_possible
3047,11655493,41,0.0975609756097561,0.0975609756097561,Y,0-40%,True,No_check_possible,No_check_possible,No_check_possible,No_check_possible
3048,42148273,20,0.1,0.2,N,Not_Applicable(<30 pts),No_check_possible,No_check_possible,No_check_possible,No_check_possible,No_check_possible
3049,11341153,42,0.07142857142857142,0.07142857142857142,Y,0-40%,True,No_check_possible,No_check_possible,No_check_possible,No_check_possible
3050,100147446,18,0.1111111111111111,0.1111111111111111,N,Not_Applicable(<30 pts),No_check_possible,No_check_possible,No_check_possible,No_check_possible,No_check_possible
3051,100509047,15,0.06666666666666667,0.06666666666666667,N,Not_Applicable(<30 pts),No_check_possible,No_check_possible,No_check_possible,No_check_possible,No_check_possible
3052,11671355,16,0.125,0.125,N,Not_Applicable(<30 pts),No_check_possible,No_check_possible,No_check_possible,No_check_possible,No_check_possible
3053,11207387,17,0.11764705882352941,0.11764705882352941,N,Not_Applicable(<30 pts),No_check_possible,No_check_possible,No_check_possible,No_check_possible,No_check_possible
3054,102823299,25,0.12,0.12,N,Not_Applicable(<30 pts),No_check_possible,No_check_possible,No_check_possible,No_check_possible,No_check_possible
3055,15757851,9,0.2222222222222222,0.2222222222222222,N,Not_Applicable(<30 pts),No_check_possible,No_check_possible,No_check_possible,No_check_possible,No_check_possible
3056,102407804,54,0.07407407407407407,0.2037037037037037,Y,0-40%,True,No_check_possible,No_check_possible,No_check_possible,No_check_possible
3057,11597146,30,0.3,0.3333333333333333,Y,0-40%,True,No_check_possible,No_check_possible,No_check_possible,No_check_possible
3058,100426187,26,0.07692307692307693,0.07692307692307693,N,Not_Applicable(<30 pts),No_check_possible,No_check_possible,No_check_possible,No_check_possible,No_check_possible
3059,11545826,24,0.08333333333333333,0.08333333333333333,N,Not_Applicable(<30 pts),No_check_possible,No_check_possible,No_check_possible,No_check_possible,No_check_possible
3060,11049848,18,0.1111111111111111,0.1111111111111111,N,Not_Applicable(<30 pts),No_check_possible,No_check_possible,No_check_possible,No_check_possible,No_check_possible
3061,102737748,12,0.16666666666666666,0.16666666666666666,N,Not_Applicable(<30 pts),No_check_possible,No_check_possible,No_check_possible,No_check_possible,No_check_possible
3062,42266912,8,0.125,0.125,N,Not_Applicable(<30 pts),No_check_possible,No_check_possible,No_check_possible,No_check_possible,No_check_possible
3063,100712150,28,0.14285714285714285,0.17857142857142858,N,Not_Applicable(<30 pts),No_check_possible,No_check_possible,No_check_possible,No_check_possible,No_check_possible
3064,101426872,4,0.5,5.0,N,Not_Applicable(<30 pts),No_check_possible,No_check_possible,No_check_possible,No_check_possible,No_check_possible
3065,15744155,45,0.06666666666666667,0.06666666666666667,Y,0-40%,True,No_check_possible,No_check_possible,No_check_possible,No_check_possible
3066,100240197,12,0.25,0.3333333333333333,N,Not_Applicable(<30 pts),No_check_possible,No_check_possible,No_check_possible,No_check_possible,No_check_possible
3067,16225127,30,0.13333333333333333,0.13333333333333333,Y,0-40%,True,No_check_possible,No_check_possible,No_check_possible,No_check_possible
3068,101837829,21,0.09523809523809523,0.09523809523809523,N,Not_Applicable(<30 pts),No_check_possible,No_check_possible,No_check_possible,No_check_possible,No_check_possible
3069,11341883,12,0.16666666666666666,0.16666666666666666,N,Not_Applicable(<30 pts),No_check_possible,No_check_possible,No_check_possible,No_check_possible,No_check_possible
3070,12071532,50,0.04,0.04,Y,0-40%,True,No_check_possible,No_check_possible,No_check_possible,No_check_possible
3071,11683657,45,0.06666666666666667,0.06666666666666667,Y,0-40%,True,No_check_possible,No_check_possible,No_check_possible,No_check_possible
3072,102350722,7,0.14285714285714285,0.14285714285714285,N,Not_Applicable(<30 pts),No_check_possible,No_check_possible,No_check_possible,No_check_possible,No_check_possible
3073,11297559,28,0.07142857142857142,0.07142857142857142,N,Not_Applicable(<30 pts),No_check_possible,No_check_possible,No_check_possible,No_check_possible,No_check_possible
3074,11281551,53,0.18867924528301888,0.32075471698113206,Y,0-40%,True,No_check_possible,No_check_possible,No_check_possible,No_check_possible
3075,11659697,39,0.05128205128205128,0.05128205128205128,Y,0-40%,True,No_check_possible,No_check_possible,No_check_possible,No_check_possible
3076,42214007,12,0.16666666666666666,0.16666666666666666,N,Not_Applicable(<30 pts),No_check_possible,No_check_possible,No_check_possible,No_check_possible,No_check_possible
3077,13846947,52,0.07692307692307693,0.11538461538461539,Y,0-40%,True,No_check_possible,No_check_possible,No_check_possible,No_check_possible
3078,102372382,8,0.25,0.25,N,Not_Applicable(<30 pts),No_check_possible,No_check_possible,No_check_possible,No_check_possible,No_check_possible
3079,11340878,20,0.15,0.15,N,Not_Applicable(<30 pts),No_check_possible,No_check_possible,No_check_possible,No_check_possible,No_check_possible
3080,100525065,26,0.07692307692307693,0.15384615384615385,N,Not_Applicable(<30 pts),No_check_possible,No_check_possible,No_check_possible,No_check_possible,No_check_possible
3081,15570781,41,0.1951219512195122,0.2926829268292683,Y,0-40%,True,No_check_possible,No_check_possible,No_check_possible,No_check_possible
3082,100006138,39,0.05128205128205128,0.05128205128205128,Y,0-40%,True,No_check_possible,No_check_possible,No_check_possible,No_check_possible
3083,102074600,11,0.18181818181818182,0.2727272727272727,N,Not_Applicable(<30 pts),No_check_possible,No_check_possible,No_check_possible,No_check_possible,No_check_possible
3084,15758034,25,0.08,0.16,N,Not_Applicable(<30 pts),No_check_possible,No_check_possible,No_check_possible,No_check_possible,No_check_possible
3085,100585524,37,0.08108108108108109,0.16216216216216217,Y,0-40%,True,No_check_possible,No_check_possible,No_check_possible,No_check_possible
3086,101934868,12,0.25,0.4166666666666667,N,Not_Applicable(<30 pts),No_check_possible,No_check_possible,No_check_possible,No_check_possible,No_check_possible
3087,100774315,20,0.1,0.2,N,Not_Applicable(<30 pts),No_check_possible,No_check_possible,No_check_possible,No_check_possible,No_check_possible
3088,102350720,12,0.16666666666666666,0.25,N,Not_Applicable(<30 pts),No_check_possible,No_check_possible,No_check_possible,No_check_possible,No_check_possible
3089,100509907,11,0.18181818181818182,0.36363636363636365,N,Not_Applicable(<30 pts),No_check_possible,No_check_possible,No_check_possible,No_check_possible,No_check_possible
3090,100755072,29,0.06896551724137931,0.7586206896551724,N,Not_Applicable(<30 pts),No_check_possible,No_check_possible,No_check_possible,No_check_possible,No_check_possible
3091,101521611,51,0.0784313725490196,0.0784313725490196,Y,0-40%,True,No_check_possible,No_check_possible,No_check_possible,No_check_possible
3092,11303787,10,0.2,0.2,N,Not_Applicable(<30 pts),No_check_possible,No_check_possible,No_check_possible,No_check_possible,No_check_possible
3093,11578446,22,0.13636363636363635,0.13636363636363635,N,Not_Applicable(<30 pts),No_check_possible,No_check_possible,No_check_possible,No_check_possible,No_check_possible
3094,11608287,22,0.09090909090909091,0.13636363636363635,N,Not_Applicable(<30 pts),No_check_possible,No_check_possible,No_check_possible,No_check_possible,No_check_possible
3095,11278640,52,0.038461538461538464,0.038461538461538464,Y,0-40%,True,No_check_possible,No_check_possible,No_check_possible,No_check_possible
3096,11669239,20,0.1,0.1,N,Not_Applicable(<30 pts),No_check_possible,No_check_possible,No_check_possible,No_check_possible,No_check_possible
3097,11594146,30,0.1,0.16666666666666666,Y,0-40%,True,No_check_possible,No_check_possible,No_check_possible,No_check_possible
3098,42240359,43,0.046511627906976744,0.06976744186046512,Y,0-40%,True,No_check_possible,No_check_possible,No_check_possible,No_check_possible
3099,11083196,22,0.09090909090909091,0.09090909090909091,N,Not_Applicable(<30 pts),No_check_possible,No_check_possible,No_check_possible,No_check_possible,No_check_possible
3100,49093227,46,0.043478260869565216,0.043478260869565216,Y,0-40%,True,No_check_possible,No_check_possible,No_check_possible,No_check_possible
3101,101482532,20,0.1,0.15,N,Not_Applicable(<30 pts),No_check_possible,No_check_possible,No_check_possible,No_check_possible,No_check_possible
3102,11245753,3,0.6666666666666666,0.6666666666666666,N,Not_Applicable(<30 pts),No_check_possible,No_check_possible,No_check_possible,No_check_possible,No_check_possible
3103,16036438,50,0.04,0.06,Y,0-40%,True,No_check_possible,No_check_possible,No_check_possible,No_check_possible
3104,11631483,16,0.25,0.3125,N,Not_Applicable(<30 pts),No_check_possible,No_check_possible,No_check_possible,No_check_possible,No_check_possible
3105,42141958,53,0.1320754716981132,0.16981132075471697,Y,0-40%,True,No_check_possible,No_check_possible,No_check_possible,No_check_possible
3106,100725380,11,0.18181818181818182,0.18181818181818182,N,Not_Applicable(<30 pts),No_check_possible,No_check_possible,No_check_possible,No_check_possible,No_check_possible
3107,100617630,20,0.1,0.1,N,Not_Applicable(<30 pts),No_check_possible,No_check_possible,No_check_possible,No_check_possible,No_check_possible
3108,11575501,9,0.2222222222222222,0.2222222222222222,N,Not_Applicable(<30 pts),No_check_possible,No_check_possible,No_check_possible,No_check_possible,No_check_possible
3109,100630885,19,0.10526315789473684,0.10526315789473684,N,Not_Applicable(<30 pts),No_check_possible,No_check_possible,No_check_possible,No_check_possible,No_check_possible
3110,100674775,9,0.2222222222222222,0.2222222222222222,N,Not_Applicable(<30 pts),No_check_possible,No_check_possible,No_check_possible,No_check_possible,No_check_possible
3111,100660480,18,0.1111111111111111,0.1111111111111111,N,Not_Applicable(<30 pts),No_check_possible,No_check_possible,No_check_possible,No_check_possible,No_check_possible
3112,41987118,18,0.16666666666666666,0.2222222222222222,N,Not_Applicable(<30 pts),No_check_possible,No_check_possible,No_check_possible,No_check_possible,No_check_possible
3113,102181964,53,0.07547169811320754,0.09433962264150944,Y,0-40%,True,No_check_possible,No_check_possible,No_check_possible,No_check_possible
3114,100061023,54,0.037037037037037035,0.037037037037037035,Y,0-40%,True,No_check_possible,No_check_possible,No_check_possible,No_check_possible
3115,11248851,55,0.05454545454545454,0.05454545454545454,Y,0-40%,True,No_check_possible,No_check_possible,No_check_possible,No_check_possible
3116,16343118,55,0.09090909090909091,0.09090909090909091,Y,0-40%,True,No_check_possible,No_check_possible,No_check_possible,No_check_possible
3117,100724498,50,0.04,0.04,Y,0-40%,True,No_check_possible,No_check_possible,No_check_possible,No_check_possible
3118,11250732,19,0.15789473684210525,0.15789473684210525,N,Not_Applicable(<30 pts),No_check_possible,No_check_possible,No_check_possible,No_check_possible,No_check_possible
3119,102636043,8,0.25,0.25,N,Not_Applicable(<30 pts),No_check_possible,No_check_possible,No_check_possible,No_check_possible,No_check_possible
3120,100677559,15,0.2,0.26666666666666666,N,Not_Applicable(<30 pts),No_check_possible,No_check_possible,No_check_possible,No_check_possible,No_check_possible
3121,16142182,39,0.10256410256410256,0.15384615384615385,Y,0-40%,True,No_check_possible,No_check_possible,No_check_possible,No_check_possible
3122,11296177,39,0.05128205128205128,0.05128205128205128,Y,0-40%,True,No_check_possible,No_check_possible,No_check_possible,No_check_possible
3123,11656177,39,0.10256410256410256,0.23076923076923078,Y,0-40%,True,No_check_possible,No_check_possible,No_check_possible,No_check_possible
3124,100615002,27,0.1111111111111111,0.18518518518518517,N,Not_Applicable(<30 pts),No_check_possible,No_check_possible,No_check_possible,No_check_possible,No_check_possible
3125,100594974,53,0.09433962264150944,0.16981132075471697,Y,0-40%,True,No_check_possible,No_check_possible,No_check_possible,No_check_possible
3126,100555685,54,0.12962962962962962,0.18518518518518517,Y,0-40%,True,No_check_possible,No_check_possible,No_check_possible,No_check_possible
3127,11711727,44,0.06818181818181818,0.06818181818181818,Y,0-40%,True,No_check_possible,No_check_possible,No_check_possible,No_check_possible
3128,42076879,8,0.25,0.25,N,Not_Applicable(<30 pts),No_check_possible,No_check_possible,No_check_possible,No_check_possible,No_check_possible
3129,49118894,21,0.14285714285714285,0.14285714285714285,N,Not_Applicable(<30 pts),No_check_possible,No_check_possible,No_check_possible,No_check_possible,No_check_possible
3130,100556707,14,0.14285714285714285,0.14285714285714285,N,Not_Applicable(<30 pts),No_check_possible,No_check_possible,No_check_possible,No_check_possible,No_check_possible
3131,15757859,39,0.1282051282051282,0.46153846153846156,Y,0-40%,True,No_check_possible,No_check_possible,No_check_possible,No_check_possible
3132,42052679,53,0.03773584905660377,0.05660377358490566,Y,0-40%,True,No_check_possible,No_check_possible,No_check_possible,No_check_possible
3133,15729475,49,0.04081632653061224,0.04081632653061224,Y,0-40%,True,No_check_possible,No_check_possible,No_check_possible,No_check_possible
3134,12268468,24,0.08333333333333333,0.08333333333333333,N,Not_Applicable(<30 pts),No_check_possible,No_check_possible,No_check_possible,No_check_possible,No_check_possible
3135,11028220,43,0.046511627906976744,0.046511627906976744,Y,0-40%,True,No_check_possible,No_check_possible,No_check_possible,No_check_possible
3136,102490026,3,0.3333333333333333,0.6666666666666666,N,Not_Applicable(<30 pts),No_check_possible,No_check_possible,No_check_possible,No_check_possible,No_check_possible
3137,11526865,50,0.06,0.08,Y,0-40%,True,No_check_possible,No_check_possible,No_check_possible,No_check_possible
3138,12593406,8,0.25,0.25,N,Not_Applicable(<30 pts),No_check_possible,No_check_possible,No_check_possible,No_check_possible,No_check_possible
3139,101522272,29,0.06896551724137931,0.06896551724137931,N,Not_Applicable(<30 pts),No_check_possible,No_check_possible,No_check_possible,No_check_possible,No_check_possible
3140,101935730,47,0.10638297872340426,0.14893617021276595,Y,0-40%,True,No_check_possible,No_check_possible,No_check_possible,No_check_possible
3141,11495055,36,0.05555555555555555,0.05555555555555555,Y,0-40%,True,No_check_possible,No_check_possible,No_check_possible,No_check_possible
3142,11677471,48,0.08333333333333333,0.6666666666666666,Y,0-40%,True,No_check_possible,No_check_possible,No_check_possible,No_check_possible
3143,13730083,40,0.05,0.05,Y,0-40%,True,No_check_possible,No_check_possible,No_check_possible,No_check_possible
3144,11071251,36,0.08333333333333333,0.08333333333333333,Y,0-40%,True,No_check_possible,No_check_possible,No_check_possible,No_check_possible
3145,15362320,37,0.05405405405405406,0.2972972972972973,Y,0-40%,True,No_check_possible,No_check_possible,No_check_possible,No_check_possible
3146,11282331,41,0.04878048780487805,0.04878048780487805,Y,0-40%,True,No_check_possible,No_check_possible,No_check_possible,No_check_possible
3147,11307859,56,0.03571428571428571,0.03571428571428571,Y,0-40%,True,No_check_possible,No_check_possible,No_check_possible,No_check_possible
3148,11676378,47,0.0425531914893617,0.0425531914893617,Y,0-40%,True,No_check_possible,No_check_possible,No_check_possible,No_check_possible
3149,16028154,51,0.1568627450980392,0.6274509803921569,Y,0-40%,True,No_check_possible,No_check_possible,No_check_possible,No_check_possible
3150,100147664,19,0.05263157894736842,0.05263157894736842,N,Not_Applicable(<30 pts),No_check_possible,No_check_possible,No_check_possible,No_check_possible,No_check_possible
3151,101471570,55,0.10909090909090909,0.16363636363636364,Y,0-40%,True,No_check_possible,No_check_possible,No_check_possible,No_check_possible
3152,11196313,43,0.046511627906976744,0.046511627906976744,Y,0-40%,True,No_check_possible,No_check_possible,No_check_possible,No_check_possible
3153,100467602,11,0.18181818181818182,0.18181818181818182,N,Not_Applicable(<30 pts),No_check_possible,No_check_possible,No_check_possible,No_check_possible,No_check_possible
3154,11308202,23,0.08695652173913043,0.13043478260869565,N,Not_Applicable(<30 pts),No_check_possible,No_check_possible,No_check_possible,No_check_possible,No_check_possible
3155,16014852,40,0.075,0.175,Y,0-40%,True,No_check_possible,No_check_possible,No_check_possible,No_check_possible
3156,11577342,40,0.075,0.2,Y,0-40%,True,No_check_possible,No_check_possible,No_check_possible,No_check_possible
3157,15602108,26,0.07692307692307693,0.07692307692307693,N,Not_Applicable(<30 pts),No_check_possible,No_check_possible,No_check_possible,No_check_possible,No_check_possible
3158,102118619,6,0.3333333333333333,0.5,N,Not_Applicable(<30 pts),No_check_possible,No_check_possible,No_check_possible,No_check_possible,No_check_possible
3159,37457928,20,0.15,0.25,N,Not_Applicable(<30 pts),No_check_possible,No_check_possible,No_check_possible,No_check_possible,No_check_possible
3160,37460104,15,0.2,0.4,N,Not_Applicable(<30 pts),No_check_possible,No_check_possible,No_check_possible,No_check_possible,No_check_possible
3161,42145989,51,0.11764705882352941,0.23529411764705882,Y,0-40%,True,No_check_possible,No_check_possible,No_check_possible,No_check_possible
3162,102747418,10,0.2,0.2,N,Not_Applicable(<30 pts),No_check_possible,No_check_possible,No_check_possible,No_check_possible,No_check_possible
3163,16357247,39,0.07692307692307693,0.07692307692307693,Y,0-40%,True,No_check_possible,No_check_possible,No_check_possible,No_check_possible
3164,37458107,29,0.06896551724137931,0.06896551724137931,N,Not_Applicable(<30 pts),No_check_possible,No_check_possible,No_check_possible,No_check_possible,No_check_possible
3165,100147166,19,0.10526315789473684,0.15789473684210525,N,Not_Applicable(<30 pts),No_check_possible,No_check_possible,No_check_possible,No_check_possible,No_check_possible
3166,42146513,55,0.05454545454545454,0.05454545454545454,Y,0-40%,True,No_check_possible,No_check_possible,No_check_possible,No_check_possible
3167,42299816,35,0.05714285714285714,0.05714285714285714,Y,0-40%,True,No_check_possible,No_check_possible,No_check_possible,No_check_possible
3168,11702294,10,0.2,1.7,N,Not_Applicable(<30 pts),No_check_possible,No_check_possible,No_check_possible,No_check_possible,No_check_possible
3169,42144374,29,0.06896551724137931,0.06896551724137931,N,Not_Applicable(<30 pts),No_check_possible,No_check_possible,No_check_possible,No_check_possible,No_check_possible
3170,11664979,36,0.05555555555555555,0.05555555555555555,Y,0-40%,True,No_check_possible,No_check_possible,No_check_possible,No_check_possible
3171,11293519,41,0.04878048780487805,0.04878048780487805,Y,0-40%,True,No_check_possible,No_check_possible,No_check_possible,No_check_possible
3172,101909030,41,0.12195121951219512,0.14634146341463414,Y,0-40%,True,No_check_possible,No_check_possible,No_check_possible,No_check_possible
3173,101518878,18,0.1111111111111111,0.1111111111111111,N,Not_Applicable(<30 pts),No_check_possible,No_check_possible,No_check_possible,No_check_possible,No_check_possible
3174,42139303,17,0.11764705882352941,0.11764705882352941,N,Not_Applicable(<30 pts),No_check_possible,No_check_possible,No_check_possible,No_check_possible,No_check_possible
3175,11210083,44,0.06818181818181818,0.06818181818181818,Y,0-40%,True,No_check_possible,No_check_possible,No_check_possible,No_check_possible
3176,102072392,14,0.07142857142857142,0.07142857142857142,N,Not_Applicable(<30 pts),No_check_possible,No_check_possible,No_check_possible,No_check_possible,No_check_possible
3177,15867478,27,0.07407407407407407,0.07407407407407407,N,Not_Applicable(<30 pts),No_check_possible,No_check_possible,No_check_possible,No_check_possible,No_check_possible
3178,15736033,24,0.08333333333333333,0.08333333333333333,N,Not_Applicable(<30 pts),No_check_possible,No_check_possible,No_check_possible,No_check_possible,No_check_possible
3179,102330796,51,0.21568627450980393,0.39215686274509803,Y,0-40%,True,No_check_possible,No_check_possible,No_check_possible,No_check_possible
3180,42148774,42,0.07142857142857142,0.07142857142857142,Y,0-40%,True,No_check_possible,No_check_possible,No_check_possible,No_check_possible
3181,49088736,5,0.2,0.2,N,Not_Applicable(<30 pts),No_check_possible,No_check_possible,No_check_possible,No_check_possible,No_check_possible
3182,100848471,9,0.1111111111111111,0.1111111111111111,N,Not_Applicable(<30 pts),No_check_possible,No_check_possible,No_check_possible,No_check_possible,No_check_possible
3183,101934570,41,0.0975609756097561,0.12195121951219512,Y,0-40%,True,No_check_possible,No_check_possible,No_check_possible,No_check_possible
3184,42219318,43,0.11627906976744186,0.18604651162790697,Y,0-40%,True,No_check_possible,No_check_possible,No_check_possible,No_check_possible
3185,101412260,39,0.05128205128205128,0.05128205128205128,Y,0-40%,True,No_check_possible,No_check_possible,No_check_possible,No_check_possible
3186,11657876,11,0.18181818181818182,0.18181818181818182,N,Not_Applicable(<30 pts),No_check_possible,No_check_possible,No_check_possible,No_check_possible,No_check_possible
3187,11527401,47,0.0425531914893617,0.0425531914893617,Y,0-40%,True,No_check_possible,No_check_possible,No_check_possible,No_check_possible
3188,11266171,52,0.057692307692307696,0.057692307692307696,Y,0-40%,True,No_check_possible,No_check_possible,No_check_possible,No_check_possible
3189,42151095,50,0.04,0.06,Y,0-40%,True,No_check_possible,No_check_possible,No_check_possible,No_check_possible
3190,16122646,42,0.047619047619047616,0.047619047619047616,Y,0-40%,True,No_check_possible,No_check_possible,No_check_possible,No_check_possible
3191,100149900,17,0.17647058823529413,0.29411764705882354,N,Not_Applicable(<30 pts),No_check_possible,No_check_possible,No_check_possible,No_check_possible,No_check_possible
3192,11076727,24,0.08333333333333333,0.08333333333333333,N,Not_Applicable(<30 pts),No_check_possible,No_check_possible,No_check_possible,No_check_possible,No_check_possible
3193,100485085,8,0.25,0.5,N,Not_Applicable(<30 pts),No_check_possible,No_check_possible,No_check_possible,No_check_possible,No_check_possible
3194,11711918,7,0.2857142857142857,0.2857142857142857,N,Not_Applicable(<30 pts),No_check_possible,No_check_possible,No_check_possible,No_check_possible,No_check_possible
3195,15727777,45,0.06666666666666667,0.06666666666666667,Y,0-40%,True,No_check_possible,No_check_possible,No_check_possible,No_check_possible
3196,11678000,44,0.022727272727272728,0.022727272727272728,Y,0-40%,True,No_check_possible,No_check_possible,No_check_possible,No_check_possible
3197,11250629,42,0.07142857142857142,0.07142857142857142,Y,0-40%,True,No_check_possible,No_check_possible,No_check_possible,No_check_possible
3198,14124557,46,0.06521739130434782,0.06521739130434782,Y,0-40%,True,No_check_possible,No_check_possible,No_check_possible,No_check_possible
3199,100647157,22,0.18181818181818182,0.3181818181818182,N,Not_Applicable(<30 pts),No_check_possible,No_check_possible,No_check_possible,No_check_possible,No_check_possible
3200,102338264,17,0.11764705882352941,2.1176470588235294,N,Not_Applicable(<30 pts),No_check_possible,No_check_possible,No_check_possible,No_check_possible,No_check_possible
3201,11083905,38,0.05263157894736842,0.05263157894736842,Y,0-40%,True,No_check_possible,No_check_possible,No_check_possible,No_check_possible
3202,11661818,28,0.10714285714285714,5.25,N,Not_Applicable(<30 pts),No_check_possible,No_check_possible,No_check_possible,No_check_possible,No_check_possible
3203,11265926,42,0.047619047619047616,0.047619047619047616,Y,0-40%,True,No_check_possible,No_check_possible,No_check_possible,No_check_possible
3204,11623215,41,0.04878048780487805,0.04878048780487805,Y,0-40%,True,No_check_possible,No_check_possible,No_check_possible,No_check_possible
3205,102268952,7,0.14285714285714285,0.14285714285714285,N,Not_Applicable(<30 pts),No_check_possible,No_check_possible,No_check_possible,No_check_possible,No_check_possible
3206,100637865,20,0.1,0.1,N,Not_Applicable(<30 pts),No_check_possible,No_check_possible,No_check_possible,No_check_possible,No_check_possible
3207,11206461,5,0.4,0.4,N,Not_Applicable(<30 pts),No_check_possible,No_check_possible,No_check_possible,No_check_possible,No_check_possible
3208,42220292,19,0.3684210526315789,0.47368421052631576,N,Not_Applicable(<30 pts),No_check_possible,No_check_possible,No_check_possible,No_check_possible,No_check_possible
3209,11605199,54,0.07407407407407407,0.07407407407407407,Y,0-40%,True,No_check_possible,No_check_possible,No_check_possible,No_check_possible
3210,11129674,40,0.1,0.1,Y,0-40%,True,No_check_possible,No_check_possible,No_check_possible,No_check_possible
3211,102731794,13,0.15384615384615385,0.15384615384615385,N,Not_Applicable(<30 pts),No_check_possible,No_check_possible,No_check_possible,No_check_possible,No_check_possible
3212,100620806,51,0.0392156862745098,0.058823529411764705,Y,0-40%,True,No_check_possible,No_check_possible,No_check_possible,No_check_possible
3213,11126103,48,0.0625,0.125,Y,0-40%,True,No_check_possible,No_check_possible,No_check_possible,No_check_possible
3214,11655976,53,0.07547169811320754,0.11320754716981132,Y,0-40%,True,No_check_possible,No_check_possible,No_check_possible,No_check_possible
3215,11695442,25,0.08,0.08,N,Not_Applicable(<30 pts),No_check_possible,No_check_possible,No_check_possible,No_check_possible,No_check_possible
3216,100556175,9,0.2222222222222222,0.2222222222222222,N,Not_Applicable(<30 pts),No_check_possible,No_check_possible,No_check_possible,No_check_possible,No_check_possible
3217,102051530,50,0.04,0.06,Y,0-40%,True,No_check_possible,No_check_possible,No_check_possible,No_check_possible
3218,18313339,8,0.25,0.25,N,Not_Applicable(<30 pts),No_check_possible,No_check_possible,No_check_possible,No_check_possible,No_check_possible
3219,102112993,9,0.1111111111111111,0.1111111111111111,N,Not_Applicable(<30 pts),No_check_possible,No_check_possible,No_check_possible,No_check_possible,No_check_possible
3220,11842144,37,0.05405405405405406,0.13513513513513514,Y,0-40%,True,No_check_possible,No_check_possible,No_check_possible,No_check_possible
3221,17158401,49,0.10204081632653061,0.12244897959183673,Y,0-40%,True,No_check_possible,No_check_possible,No_check_possible,No_check_possible
3222,100775617,24,0.16666666666666666,0.4583333333333333,N,Not_Applicable(<30 pts),No_check_possible,No_check_possible,No_check_possible,No_check_possible,No_check_possible
3223,42136458,22,0.09090909090909091,0.18181818181818182,N,Not_Applicable(<30 pts),No_check_possible,No_check_possible,No_check_possible,No_check_possible,No_check_possible
3224,49049067,7,0.42857142857142855,0.5714285714285714,N,Not_Applicable(<30 pts),No_check_possible,No_check_possible,No_check_possible,No_check_possible,No_check_possible
3225,102075429,5,0.4,0.8,N,Not_Applicable(<30 pts),No_check_possible,No_check_possible,No_check_possible,No_check_possible,No_check_possible
3226,11706510,52,0.09615384615384616,0.17307692307692307,Y,0-40%,True,No_check_possible,No_check_possible,No_check_possible,No_check_possible
3227,15957642,25,0.08,0.16,N,Not_Applicable(<30 pts),No_check_possible,No_check_possible,No_check_possible,No_check_possible,No_check_possible
3228,11250703,4,0.5,0.5,N,Not_Applicable(<30 pts),No_check_possible,No_check_possible,No_check_possible,No_check_possible,No_check_possible
3229,42272323,21,0.14285714285714285,0.19047619047619047,N,Not_Applicable(<30 pts),No_check_possible,No_check_possible,No_check_possible,No_check_possible,No_check_possible
3230,11686601,53,0.03773584905660377,0.03773584905660377,Y,0-40%,True,No_check_possible,No_check_possible,No_check_possible,No_check_possible
3231,11651238,45,0.044444444444444446,0.044444444444444446,Y,0-40%,True,No_check_possible,No_check_possible,No_check_possible,No_check_possible
3232,101819981,38,0.02631578947368421,0.05263157894736842,Y,0-40%,True,No_check_possible,No_check_possible,No_check_possible,No_check_possible
3233,834336,14,0.14285714285714285,0.14285714285714285,N,Not_Applicable(<30 pts),No_check_possible,No_check_possible,No_check_possible,No_check_possible,No_check_possible
3234,42227411,8,0.25,0.25,N,Not_Applicable(<30 pts),No_check_possible,No_check_possible,No_check_possible,No_check_possible,No_check_possible
3235,100367087,10,0.4,0.4,N,Not_Applicable(<30 pts),No_check_possible,No_check_possible,No_check_possible,No_check_possible,No_check_possible
3236,11340712,34,0.14705882352941177,0.23529411764705882,Y,0-40%,True,No_check_possible,No_check_possible,No_check_possible,No_check_possible
3237,42203424,41,0.12195121951219512,0.17073170731707318,Y,0-40%,True,No_check_possible,No_check_possible,No_check_possible,No_check_possible
3238,11704547,49,0.061224489795918366,0.061224489795918366,Y,0-40%,True,No_check_possible,No_check_possible,No_check_possible,No_check_possible
3239,102631809,4,0.25,0.25,N,Not_Applicable(<30 pts),No_check_possible,No_check_possible,No_check_possible,No_check_possible,No_check_possible
3240,101502306,24,0.08333333333333333,0.125,N,Not_Applicable(<30 pts),No_check_possible,No_check_possible,No_check_possible,No_check_possible,No_check_possible
3241,14353617,18,0.1111111111111111,0.1111111111111111,N,Not_Applicable(<30 pts),No_check_possible,No_check_possible,No_check_possible,No_check_possible,No_check_possible
3242,11038276,45,0.06666666666666667,0.06666666666666667,Y,0-40%,True,No_check_possible,No_check_possible,No_check_possible,No_check_possible
3243,11675447,10,0.2,0.4,N,Not_Applicable(<30 pts),No_check_possible,No_check_possible,No_check_possible,No_check_possible,No_check_possible
3244,11311511,50,0.08,0.12,Y,0-40%,True,No_check_possible,No_check_possible,No_check_possible,No_check_possible
3245,15736923,49,0.04081632653061224,0.04081632653061224,Y,0-40%,True,No_check_possible,No_check_possible,No_check_possible,No_check_possible
3246,15422060,13,0.15384615384615385,0.15384615384615385,N,Not_Applicable(<30 pts),No_check_possible,No_check_possible,No_check_possible,No_check_possible,No_check_possible
3247,11591996,46,0.08695652173913043,0.10869565217391304,Y,0-40%,True,No_check_possible,No_check_possible,No_check_possible,No_check_possible
3248,11506916,15,0.13333333333333333,0.13333333333333333,N,Not_Applicable(<30 pts),No_check_possible,No_check_possible,No_check_possible,No_check_possible,No_check_possible
3249,102290624,46,0.043478260869565216,0.043478260869565216,Y,0-40%,True,No_check_possible,No_check_possible,No_check_possible,No_check_possible
3250,42307175,42,0.047619047619047616,0.11904761904761904,Y,0-40%,True,No_check_possible,No_check_possible,No_check_possible,No_check_possible
3251,15736925,42,0.047619047619047616,0.047619047619047616,Y,0-40%,True,No_check_possible,No_check_possible,No_check_possible,No_check_possible
3252,16664151,50,0.04,0.08,Y,0-40%,True,No_check_possible,No_check_possible,No_check_possible,No_check_possible
3253,100150289,12,0.08333333333333333,0.08333333333333333,N,Not_Applicable(<30 pts),No_check_possible,No_check_possible,No_check_possible,No_check_possible,No_check_possible
3254,42220782,25,0.08,0.08,N,Not_Applicable(<30 pts),No_check_possible,No_check_possible,No_check_possible,No_check_possible,No_check_possible
3255,11125635,28,0.07142857142857142,0.07142857142857142,N,Not_Applicable(<30 pts),No_check_possible,No_check_possible,No_check_possible,No_check_possible,No_check_possible
3256,11294536,41,0.04878048780487805,0.04878048780487805,Y,0-40%,True,No_check_possible,No_check_possible,No_check_possible,No_check_possible
3257,16304724,49,0.061224489795918366,0.061224489795918366,Y,0-40%,True,No_check_possible,No_check_possible,No_check_possible,No_check_possible
3258,42206134,9,0.2222222222222222,0.3333333333333333,N,Not_Applicable(<30 pts),No_check_possible,No_check_possible,No_check_possible,No_check_possible,No_check_possible
3259,42308367,45,0.044444444444444446,0.044444444444444446,Y,0-40%,True,No_check_possible,No_check_possible,No_check_possible,No_check_possible
3260,102095405,4,0.5,0.5,N,Not_Applicable(<30 pts),No_check_possible,No_check_possible,No_check_possible,No_check_possible,No_check_possible
3261,102754892,53,0.39622641509433965,3.490566037735849,Y,0-40%,True,No_check_possible,No_check_possible,No_check_possible,No_check_possible
3262,42220160,41,0.024390243902439025,0.024390243902439025,Y,0-40%,True,No_check_possible,No_check_possible,No_check_possible,No_check_possible
3263,42139742,15,0.06666666666666667,0.06666666666666667,N,Not_Applicable(<30 pts),No_check_possible,No_check_possible,No_check_possible,No_check_possible,No_check_possible
3264,11284937,28,0.14285714285714285,0.14285714285714285,N,Not_Applicable(<30 pts),No_check_possible,No_check_possible,No_check_possible,No_check_possible,No_check_possible
3265,42254503,16,0.0625,0.0625,N,Not_Applicable(<30 pts),No_check_possible,No_check_possible,No_check_possible,No_check_possible,No_check_possible
3266,100689986,38,0.10526315789473684,0.10526315789473684,Y,0-40%,True,No_check_possible,No_check_possible,No_check_possible,No_check_possible
3267,42146800,36,0.05555555555555555,0.05555555555555555,Y,0-40%,True,No_check_possible,No_check_possible,No_check_possible,No_check_possible
3268,11579204,46,0.043478260869565216,0.043478260869565216,Y,0-40%,True,No_check_possible,No_check_possible,No_check_possible,No_check_possible
3269,42299970,9,0.1111111111111111,0.1111111111111111,N,Not_Applicable(<30 pts),No_check_possible,No_check_possible,No_check_possible,No_check_possible,No_check_possible
3270,42221456,35,0.05714285714285714,0.05714285714285714,Y,0-40%,True,No_check_possible,No_check_possible,No_check_possible,No_check_possible
3271,37458805,52,0.09615384615384616,0.2692307692307692,Y,0-40%,True,No_check_possible,No_check_possible,No_check_possible,No_check_possible
3272,102217393,2,0.5,0.5,N,Not_Applicable(<30 pts),No_check_possible,No_check_possible,No_check_possible,No_check_possible,No_check_possible
3273,11673916,39,0.05128205128205128,0.05128205128205128,Y,0-40%,True,No_check_possible,No_check_possible,No_check_possible,No_check_possible
3274,102784703,4,0.5,0.75,N,Not_Applicable(<30 pts),No_check_possible,No_check_possible,No_check_possible,No_check_possible,No_check_possible
3275,16970099,51,0.0392156862745098,0.0392156862745098,Y,0-40%,True,No_check_possible,No_check_possible,No_check_possible,No_check_possible
3276,15996747,22,0.09090909090909091,0.09090909090909091,N,Not_Applicable(<30 pts),No_check_possible,No_check_possible,No_check_possible,No_check_possible,No_check_possible
3277,102270503,18,0.05555555555555555,0.05555555555555555,N,Not_Applicable(<30 pts),No_check_possible,No_check_possible,No_check_possible,No_check_possible,No_check_possible
3278,102189721,22,0.09090909090909091,0.09090909090909091,N,Not_Applicable(<30 pts),No_check_possible,No_check_possible,No_check_possible,No_check_possible,No_check_possible
3279,102840188,34,0.14705882352941177,0.23529411764705882,Y,0-40%,True,No_check_possible,No_check_possible,No_check_possible,No_check_possible
3280,102782355,34,0.23529411764705882,0.47058823529411764,Y,0-40%,True,No_check_possible,No_check_possible,No_check_possible,No_check_possible
3281,100014156,43,0.32558139534883723,0.7441860465116279,Y,0-40%,True,No_check_possible,No_check_possible,No_check_possible,No_check_possible
3282,102592286,52,0.36538461538461536,0.5576923076923077,Y,0-40%,True,No_check_possible,No_check_possible,No_check_possible,No_check_possible
3283,101947131,42,0.21428571428571427,0.2857142857142857,Y,0-40%,True,No_check_possible,No_check_possible,No_check_possible,No_check_possible
3284,42307140,51,0.1568627450980392,0.29411764705882354,Y,0-40%,True,No_check_possible,No_check_possible,No_check_possible,No_check_possible
3285,102349704,47,0.2978723404255319,0.8297872340425532,Y,0-40%,True,No_check_possible,No_check_possible,No_check_possible,No_check_possible
3286,102616324,34,0.23529411764705882,0.47058823529411764,Y,0-40%,True,No_check_possible,No_check_possible,No_check_possible,No_check_possible
3287,11614649,42,0.047619047619047616,0.047619047619047616,Y,0-40%,True,No_check_possible,No_check_possible,No_check_possible,No_check_possible
3288,100851375,26,0.11538461538461539,0.11538461538461539,N,Not_Applicable(<30 pts),No_check_possible,No_check_possible,No_check_possible,No_check_possible,No_check_possible
3289,11365235,32,0.0625,0.0625,Y,0-40%,True,No_check_possible,No_check_possible,No_check_possible,No_check_possible
3290,11038393,42,0.047619047619047616,0.047619047619047616,Y,0-40%,True,No_check_possible,No_check_possible,No_check_possible,No_check_possible
3291,16289168,26,0.07692307692307693,0.46153846153846156,N,Not_Applicable(<30 pts),No_check_possible,No_check_possible,No_check_possible,No_check_possible,No_check_possible
3292,42204149,46,0.021739130434782608,0.021739130434782608,Y,0-40%,True,No_check_possible,No_check_possible,No_check_possible,No_check_possible
3293,42133162,41,0.04878048780487805,0.04878048780487805,Y,0-40%,True,No_check_possible,No_check_possible,No_check_possible,No_check_possible
3294,102392170,26,0.038461538461538464,0.038461538461538464,N,Not_Applicable(<30 pts),No_check_possible,No_check_possible,No_check_possible,No_check_possible,No_check_possible
3295,21916708,26,0.11538461538461539,0.11538461538461539,N,Not_Applicable(<30 pts),No_check_possible,No_check_possible,No_check_possible,No_check_possible,No_check_possible
3296,13729525,25,0.08,0.08,N,Not_Applicable(<30 pts),No_check_possible,No_check_possible,No_check_possible,No_check_possible,No_check_possible
3297,16551293,25,0.08,0.08,N,Not_Applicable(<30 pts),No_check_possible,No_check_possible,No_check_possible,No_check_possible,No_check_possible
3298,14159726,25,0.08,0.08,N,Not_Applicable(<30 pts),No_check_possible,No_check_possible,No_check_possible,No_check_possible,No_check_possible
3299,11518336,25,0.08,0.08,N,Not_Applicable(<30 pts),No_check_possible,No_check_possible,No_check_possible,No_check_possible,No_check_possible
3300,11372837,16,0.125,0.125,N,Not_Applicable(<30 pts),No_check_possible,No_check_possible,No_check_possible,No_check_possible,No_check_possible
3301,100112771,32,0.0625,0.09375,Y,0-40%,True,No_check_possible,No_check_possible,No_check_possible,No_check_possible
3302,42152066,18,0.16666666666666666,0.16666666666666666,N,Not_Applicable(<30 pts),No_check_possible,No_check_possible,No_check_possible,No_check_possible,No_check_possible
3303,11328394,13,0.15384615384615385,0.15384615384615385,N,Not_Applicable(<30 pts),No_check_possible,No_check_possible,No_check_possible,No_check_possible,No_check_possible
3304,42214938,10,0.2,0.3,N,Not_Applicable(<30 pts),No_check_possible,No_check_possible,No_check_possible,No_check_possible,No_check_possible
3305,42307167,14,0.21428571428571427,0.35714285714285715,N,Not_Applicable(<30 pts),No_check_possible,No_check_possible,No_check_possible,No_check_possible,No_check_possible
3306,42203791,47,0.0425531914893617,0.06382978723404255,Y,0-40%,True,No_check_possible,No_check_possible,No_check_possible,No_check_possible
3307,42206199,25,0.08,0.16,N,Not_Applicable(<30 pts),No_check_possible,No_check_possible,No_check_possible,No_check_possible,No_check_possible
3308,102641453,38,0.02631578947368421,1.5789473684210527,Y,0-40%,True,No_check_possible,No_check_possible,No_check_possible,No_check_possible
3309,49085262,32,0.03125,0.03125,Y,0-40%,True,No_check_possible,No_check_possible,No_check_possible,No_check_possible
3310,101820041,17,0.058823529411764705,0.058823529411764705,N,Not_Applicable(<30 pts),No_check_possible,No_check_possible,No_check_possible,No_check_possible,No_check_possible
3311,102592386,15,0.13333333333333333,0.13333333333333333,N,Not_Applicable(<30 pts),No_check_possible,No_check_possible,No_check_possible,No_check_possible,No_check_possible
3312,42204177,43,0.046511627906976744,0.046511627906976744,Y,0-40%,True,No_check_possible,No_check_possible,No_check_possible,No_check_possible
3313,42144432,20,0.1,0.1,N,Not_Applicable(<30 pts),No_check_possible,No_check_possible,No_check_possible,No_check_possible,No_check_possible
3314,42213429,25,0.04,0.04,N,Not_Applicable(<30 pts),No_check_possible,No_check_possible,No_check_possible,No_check_possible,No_check_possible
3315,100657767,48,0.041666666666666664,0.041666666666666664,Y,0-40%,True,No_check_possible,No_check_possible,No_check_possible,No_check_possible
3316,16279637,3,0.6666666666666666,0.6666666666666666,N,Not_Applicable(<30 pts),No_check_possible,No_check_possible,No_check_possible,No_check_possible,No_check_possible
3317,16304780,46,0.043478260869565216,0.043478260869565216,Y,0-40%,True,No_check_possible,No_check_possible,No_check_possible,No_check_possible
3318,15601017,34,0.058823529411764705,0.058823529411764705,Y,0-40%,True,No_check_possible,No_check_possible,No_check_possible,No_check_possible
3319,102578683,39,0.10256410256410256,0.1794871794871795,Y,0-40%,True,No_check_possible,No_check_possible,No_check_possible,No_check_possible
3320,15624246,25,0.16,0.64,N,Not_Applicable(<30 pts),No_check_possible,No_check_possible,No_check_possible,No_check_possible,No_check_possible
3321,102204734,36,0.1388888888888889,0.1388888888888889,Y,0-40%,True,No_check_possible,No_check_possible,No_check_possible,No_check_possible
3322,42123881,23,0.043478260869565216,0.043478260869565216,N,Not_Applicable(<30 pts),No_check_possible,No_check_possible,No_check_possible,No_check_possible,No_check_possible
3323,102756231,6,0.3333333333333333,0.5,N,Not_Applicable(<30 pts),No_check_possible,No_check_possible,No_check_possible,No_check_possible,No_check_possible
3324,11581857,39,0.05128205128205128,0.05128205128205128,Y,0-40%,True,No_check_possible,No_check_possible,No_check_possible,No_check_possible
3325,16229984,7,0.2857142857142857,0.42857142857142855,N,Not_Applicable(<30 pts),No_check_possible,No_check_possible,No_check_possible,No_check_possible,No_check_possible
3326,100580593,20,0.15,0.25,N,Not_Applicable(<30 pts),No_check_possible,No_check_possible,No_check_possible,No_check_possible,No_check_possible
3327,11610327,41,0.04878048780487805,0.04878048780487805,Y,0-40%,True,No_check_possible,No_check_possible,No_check_possible,No_check_possible
3328,42222149,38,0.07894736842105263,0.07894736842105263,Y,0-40%,True,No_check_possible,No_check_possible,No_check_possible,No_check_possible
3329,100758088,19,0.21052631578947367,0.42105263157894735,N,Not_Applicable(<30 pts),No_check_possible,No_check_possible,No_check_possible,No_check_possible,No_check_possible
3330,100627121,21,0.14285714285714285,0.23809523809523808,N,Not_Applicable(<30 pts),No_check_possible,No_check_possible,No_check_possible,No_check_possible,No_check_possible
3331,101936284,40,0.05,0.05,Y,0-40%,True,No_check_possible,No_check_possible,No_check_possible,No_check_possible
3332,102550271,47,0.1276595744680851,0.1702127659574468,Y,0-40%,True,No_check_possible,No_check_possible,No_check_possible,No_check_possible
3333,11558532,13,0.23076923076923078,0.23076923076923078,N,Not_Applicable(<30 pts),No_check_possible,No_check_possible,No_check_possible,No_check_possible,No_check_possible
3334,100165825,40,0.075,0.075,Y,0-40%,True,No_check_possible,No_check_possible,No_check_possible,No_check_possible
3335,101802666,22,0.18181818181818182,0.2727272727272727,N,Not_Applicable(<30 pts),No_check_possible,No_check_possible,No_check_possible,No_check_possible,No_check_possible
3336,11466116,39,0.1282051282051282,0.6666666666666666,Y,0-40%,True,No_check_possible,No_check_possible,No_check_possible,No_check_possible
3337,16229826,21,0.14285714285714285,0.14285714285714285,N,Not_Applicable(<30 pts),No_check_possible,No_check_possible,No_check_possible,No_check_possible,No_check_possible
3338,37458675,31,0.12903225806451613,0.22580645161290322,Y,0-40%,True,No_check_possible,No_check_possible,No_check_possible,No_check_possible
3339,37459025,49,0.10204081632653061,0.12244897959183673,Y,0-40%,True,No_check_possible,No_check_possible,No_check_possible,No_check_possible
3340,11683784,38,0.07894736842105263,0.10526315789473684,Y,0-40%,True,No_check_possible,No_check_possible,No_check_possible,No_check_possible
3341,100580331,38,0.13157894736842105,0.13157894736842105,Y,0-40%,True,No_check_possible,No_check_possible,No_check_possible,No_check_possible
3342,100585766,22,0.09090909090909091,0.13636363636363635,N,Not_Applicable(<30 pts),No_check_possible,No_check_possible,No_check_possible,No_check_possible,No_check_possible
3343,102271783,43,0.13953488372093023,0.18604651162790697,Y,0-40%,True,No_check_possible,No_check_possible,No_check_possible,No_check_possible
3344,102752207,64,0.078125,0.09375,Y,0-40%,True,No_check_possible,No_check_possible,No_check_possible,No_check_possible
3345,16037394,35,0.08571428571428572,0.14285714285714285,Y,0-40%,True,No_check_possible,No_check_possible,No_check_possible,No_check_possible
3346,102631039,32,0.0625,0.0625,Y,0-40%,True,No_check_possible,No_check_possible,No_check_possible,No_check_possible
3347,101843824,48,0.0625,0.10416666666666667,Y,0-40%,True,No_check_possible,No_check_possible,No_check_possible,No_check_possible
3348,100585517,41,0.07317073170731707,0.0975609756097561,Y,0-40%,True,No_check_possible,No_check_possible,No_check_possible,No_check_possible
3349,102750156,45,0.06666666666666667,0.08888888888888889,Y,0-40%,True,No_check_possible,No_check_possible,No_check_possible,No_check_possible
3350,25790951,21,0.19047619047619047,0.19047619047619047,N,Not_Applicable(<30 pts),No_check_possible,No_check_possible,No_check_possible,No_check_possible,No_check_possible
3351,42076942,10,0.2,0.2,N,Not_Applicable(<30 pts),No_check_possible,No_check_possible,No_check_possible,No_check_possible,No_check_possible
3352,11688307,39,0.20512820512820512,0.20512820512820512,Y,0-40%,True,No_check_possible,No_check_possible,No_check_possible,No_check_possible
3353,100556057,41,0.14634146341463414,0.17073170731707318,Y,0-40%,True,No_check_possible,No_check_possible,No_check_possible,No_check_possible
3354,100577861,18,0.1111111111111111,0.16666666666666666,N,Not_Applicable(<30 pts),No_check_possible,No_check_possible,No_check_possible,No_check_possible,No_check_possible
3355,102349775,36,0.19444444444444445,0.4444444444444444,Y,0-40%,True,No_check_possible,No_check_possible,No_check_possible,No_check_possible
3356,102763628,15,0.2,0.2,N,Not_Applicable(<30 pts),No_check_possible,No_check_possible,No_check_possible,No_check_possible,No_check_possible
3357,101798426,33,0.18181818181818182,0.24242424242424243,Y,0-40%,True,No_check_possible,No_check_possible,No_check_possible,No_check_possible
3358,102140090,40,0.125,0.15,Y,0-40%,True,No_check_possible,No_check_possible,No_check_possible,No_check_possible
3359,101825313,42,0.09523809523809523,0.09523809523809523,Y,0-40%,True,No_check_possible,No_check_possible,No_check_possible,No_check_possible
3360,102578933,47,0.06382978723404255,0.06382978723404255,Y,0-40%,True,No_check_possible,No_check_possible,No_check_possible,No_check_possible
3361,100100655,32,0.15625,0.21875,Y,0-40%,True,No_check_possible,No_check_possible,No_check_possible,No_check_possible
3362,42220150,32,0.21875,0.21875,Y,0-40%,True,No_check_possible,No_check_possible,No_check_possible,No_check_possible
3363,102338332,22,0.13636363636363635,0.2727272727272727,N,Not_Applicable(<30 pts),No_check_possible,No_check_possible,No_check_possible,No_check_possible,No_check_possible
3364,102407531,38,0.05263157894736842,0.07894736842105263,Y,0-40%,True,No_check_possible,No_check_possible,No_check_possible,No_check_possible
3365,102407538,38,0.05263157894736842,0.07894736842105263,Y,0-40%,True,No_check_possible,No_check_possible,No_check_possible,No_check_possible
3366,102565524,49,0.16326530612244897,0.24489795918367346,Y,0-40%,True,No_check_possible,No_check_possible,No_check_possible,No_check_possible
3367,42209964,13,0.23076923076923078,0.46153846153846156,N,Not_Applicable(<30 pts),No_check_possible,No_check_possible,No_check_possible,No_check_possible,No_check_possible
3368,102644203,51,0.3137254901960784,3.9411764705882355,Y,0-40%,True,No_check_possible,No_check_possible,No_check_possible,No_check_possible
3369,102186758,32,0.125,0.15625,Y,0-40%,True,No_check_possible,No_check_possible,No_check_possible,No_check_possible
3370,100496286,49,0.10204081632653061,0.12244897959183673,Y,0-40%,True,No_check_possible,No_check_possible,No_check_possible,No_check_possible
3371,11380525,37,0.05405405405405406,0.08108108108108109,Y,0-40%,True,No_check_possible,No_check_possible,No_check_possible,No_check_possible
3372,102488764,32,0.1875,0.46875,Y,0-40%,True,No_check_possible,No_check_possible,No_check_possible,No_check_possible
3373,15780527,33,0.2727272727272727,0.36363636363636365,Y,0-40%,True,No_check_possible,No_check_possible,No_check_possible,No_check_possible
3374,42153311,40,0.2,0.275,Y,0-40%,True,No_check_possible,No_check_possible,No_check_possible,No_check_possible
3375,42152107,44,0.11363636363636363,0.2727272727272727,Y,0-40%,True,No_check_possible,No_check_possible,No_check_possible,No_check_possible
3376,102810351,25,0.12,0.36,N,Not_Applicable(<30 pts),No_check_possible,No_check_possible,No_check_possible,No_check_possible,No_check_possible
3377,102630671,34,0.058823529411764705,0.11764705882352941,Y,0-40%,True,No_check_possible,No_check_possible,No_check_possible,No_check_possible
3378,102522772,15,0.3333333333333333,0.7333333333333333,N,Not_Applicable(<30 pts),No_check_possible,No_check_possible,No_check_possible,No_check_possible,No_check_possible
3379,102176638,44,0.09090909090909091,0.13636363636363635,Y,0-40%,True,No_check_possible,No_check_possible,No_check_possible,No_check_possible
3380,42210045,32,0.15625,0.375,Y,0-40%,True,No_check_possible,No_check_possible,No_check_possible,No_check_possible
3381,102204444,33,0.2727272727272727,0.5151515151515151,Y,0-40%,True,No_check_possible,No_check_possible,No_check_possible,No_check_possible
3382,100512524,32,0.15625,0.21875,Y,0-40%,True,No_check_possible,No_check_possible,No_check_possible,No_check_possible
3383,42258812,25,0.16,0.36,N,Not_Applicable(<30 pts),No_check_possible,No_check_possible,No_check_possible,No_check_possible,No_check_possible
3384,100615015,32,0.28125,0.375,Y,0-40%,True,No_check_possible,No_check_possible,No_check_possible,No_check_possible
3385,49093415,32,0.15625,0.21875,Y,0-40%,True,No_check_possible,No_check_possible,No_check_possible,No_check_possible
3386,42216585,50,0.22,0.32,Y,0-40%,True,No_check_possible,No_check_possible,No_check_possible,No_check_possible
3387,102503840,36,0.19444444444444445,0.25,Y,0-40%,True,No_check_possible,No_check_possible,No_check_possible,No_check_possible
3388,102281001,32,0.15625,0.21875,Y,0-40%,True,No_check_possible,No_check_possible,No_check_possible,No_check_possible
3389,100448475,15,0.2,0.3333333333333333,N,Not_Applicable(<30 pts),No_check_possible,No_check_possible,No_check_possible,No_check_possible,No_check_possible
3390,49093477,46,0.15217391304347827,0.2826086956521739,Y,0-40%,True,No_check_possible,No_check_possible,No_check_possible,No_check_possible
3391,102542309,48,0.0625,0.14583333333333334,Y,0-40%,True,No_check_possible,No_check_possible,No_check_possible,No_check_possible
3392,100567603,12,0.4166666666666667,0.5833333333333334,N,Not_Applicable(<30 pts),No_check_possible,No_check_possible,No_check_possible,No_check_possible,No_check_possible
3393,102530244,18,0.2222222222222222,0.4444444444444444,N,Not_Applicable(<30 pts),No_check_possible,No_check_possible,No_check_possible,No_check_possible,No_check_possible
3394,102349689,32,0.1875,0.34375,Y,0-40%,True,No_check_possible,No_check_possible,No_check_possible,No_check_possible
3395,102557146,32,0.21875,0.59375,Y,0-40%,True,No_check_possible,No_check_possible,No_check_possible,No_check_possible
3396,102216322,15,0.13333333333333333,0.26666666666666666,N,Not_Applicable(<30 pts),No_check_possible,No_check_possible,No_check_possible,No_check_possible,No_check_possible
3397,102293638,36,0.08333333333333333,0.1388888888888889,Y,0-40%,True,No_check_possible,No_check_possible,No_check_possible,No_check_possible
3398,100561839,32,0.15625,0.21875,Y,0-40%,True,No_check_possible,No_check_possible,No_check_possible,No_check_possible
3399,102747154,32,0.125,0.1875,Y,0-40%,True,No_check_possible,No_check_possible,No_check_possible,No_check_possible
3400,102151475,40,0.225,0.35,Y,0-40%,True,No_check_possible,No_check_possible,No_check_possible,No_check_possible
3401,102158230,40,0.125,0.225,Y,0-40%,True,No_check_possible,No_check_possible,No_check_possible,No_check_possible
3402,100637695,41,0.14634146341463414,0.21951219512195122,Y,0-40%,True,No_check_possible,No_check_possible,No_check_possible,No_check_possible
3403,101837525,49,0.14285714285714285,0.1836734693877551,Y,0-40%,True,No_check_possible,No_check_possible,No_check_possible,No_check_possible
3404,37459665,36,0.2222222222222222,0.3611111111111111,Y,0-40%,True,No_check_possible,No_check_possible,No_check_possible,No_check_possible
3405,102565546,19,0.10526315789473684,0.3157894736842105,N,Not_Applicable(<30 pts),No_check_possible,No_check_possible,No_check_possible,No_check_possible,No_check_possible
3406,102408354,47,0.19148936170212766,0.2765957446808511,Y,0-40%,True,No_check_possible,No_check_possible,No_check_possible,No_check_possible
3407,102271275,33,0.06060606060606061,0.18181818181818182,Y,0-40%,True,No_check_possible,No_check_possible,No_check_possible,No_check_possible
3408,102496264,32,0.1875,0.375,Y,0-40%,True,No_check_possible,No_check_possible,No_check_possible,No_check_possible
3409,102785558,35,0.08571428571428572,0.2571428571428571,Y,0-40%,True,No_check_possible,No_check_possible,No_check_possible,No_check_possible
3410,102557478,33,0.2727272727272727,0.5757575757575758,Y,0-40%,True,No_check_possible,No_check_possible,No_check_possible,No_check_possible
3411,102632675,50,0.18,0.4,Y,0-40%,True,No_check_possible,No_check_possible,No_check_possible,No_check_possible
3412,101871336,6,0.3333333333333333,1.0,N,Not_Applicable(<30 pts),No_check_possible,No_check_possible,No_check_possible,No_check_possible,No_check_possible
3413,101858481,39,0.28205128205128205,1.205128205128205,Y,0-40%,True,No_check_possible,No_check_possible,No_check_possible,No_check_possible
3414,102737933,32,0.1875,0.375,Y,0-40%,True,No_check_possible,No_check_possible,No_check_possible,No_check_possible
3415,100637675,33,0.24242424242424243,0.5151515151515151,Y,0-40%,True,No_check_possible,No_check_possible,No_check_possible,No_check_possible
3416,102291150,45,0.24444444444444444,0.8222222222222222,Y,0-40%,True,No_check_possible,No_check_possible,No_check_possible,No_check_possible
3417,11151118,45,0.08888888888888889,0.08888888888888889,Y,0-40%,True,No_check_possible,No_check_possible,No_check_possible,No_check_possible
3418,100729859,20,0.1,0.1,N,Not_Applicable(<30 pts),No_check_possible,No_check_possible,No_check_possible,No_check_possible,No_check_possible
3419,11677450,9,0.2222222222222222,0.2222222222222222,N,Not_Applicable(<30 pts),No_check_possible,No_check_possible,No_check_possible,No_check_possible,No_check_possible
3420,102365292,31,0.06451612903225806,0.06451612903225806,Y,0-40%,True,No_check_possible,No_check_possible,No_check_possible,No_check_possible
3421,102392374,41,0.04878048780487805,0.04878048780487805,Y,0-40%,True,No_check_possible,No_check_possible,No_check_possible,No_check_possible
3422,101858319,14,0.21428571428571427,0.35714285714285715,N,Not_Applicable(<30 pts),No_check_possible,No_check_possible,No_check_possible,No_check_possible,No_check_possible
3423,100716138,40,0.025,0.025,Y,0-40%,True,No_check_possible,No_check_possible,No_check_possible,No_check_possible
3424,100240232,3,0.6666666666666666,0.6666666666666666,N,Not_Applicable(<30 pts),No_check_possible,No_check_possible,No_check_possible,No_check_possible,No_check_possible
3425,101872006,3,0.6666666666666666,0.6666666666666666,N,Not_Applicable(<30 pts),No_check_possible,No_check_possible,No_check_possible,No_check_possible,No_check_possible
3426,101934858,21,0.14285714285714285,0.14285714285714285,N,Not_Applicable(<30 pts),No_check_possible,No_check_possible,No_check_possible,No_check_possible,No_check_possible
3427,100240421,16,0.125,0.125,N,Not_Applicable(<30 pts),No_check_possible,No_check_possible,No_check_possible,No_check_possible,No_check_possible
3428,100453370,39,0.07692307692307693,0.07692307692307693,Y,0-40%,True,No_check_possible,No_check_possible,No_check_possible,No_check_possible
3429,11019758,31,0.06451612903225806,0.06451612903225806,Y,0-40%,True,No_check_possible,No_check_possible,No_check_possible,No_check_possible
3430,102572084,22,0.045454545454545456,0.045454545454545456,N,Not_Applicable(<30 pts),No_check_possible,No_check_possible,No_check_possible,No_check_possible,No_check_possible
3431,101909020,3,0.6666666666666666,0.6666666666666666,N,Not_Applicable(<30 pts),No_check_possible,No_check_possible,No_check_possible,No_check_possible,No_check_possible
3432,11676275,45,0.06666666666666667,0.06666666666666667,Y,0-40%,True,No_check_possible,No_check_possible,No_check_possible,No_check_possible
3433,102542287,4,0.5,0.75,N,Not_Applicable(<30 pts),No_check_possible,No_check_possible,No_check_possible,No_check_possible,No_check_possible
3434,11658399,15,0.13333333333333333,0.13333333333333333,N,Not_Applicable(<30 pts),No_check_possible,No_check_possible,No_check_possible,No_check_possible,No_check_possible
3435,102074769,19,0.10526315789473684,0.10526315789473684,N,Not_Applicable(<30 pts),No_check_possible,No_check_possible,No_check_possible,No_check_possible,No_check_possible
3436,102572090,9,0.2222222222222222,0.2222222222222222,N,Not_Applicable(<30 pts),No_check_possible,No_check_possible,No_check_possible,No_check_possible,No_check_possible
3437,11304210,19,0.10526315789473684,0.10526315789473684,N,Not_Applicable(<30 pts),No_check_possible,No_check_possible,No_check_possible,No_check_possible,No_check_possible
3438,16037330,46,0.10869565217391304,0.15217391304347827,Y,0-40%,True,No_check_possible,No_check_possible,No_check_possible,No_check_possible
3439,100556953,38,0.05263157894736842,0.07894736842105263,Y,0-40%,True,No_check_possible,No_check_possible,No_check_possible,No_check_possible
3440,11206805,17,0.11764705882352941,0.11764705882352941,N,Not_Applicable(<30 pts),No_check_possible,No_check_possible,No_check_possible,No_check_possible,No_check_possible
3441,11712271,8,0.125,0.25,N,Not_Applicable(<30 pts),No_check_possible,No_check_possible,No_check_possible,No_check_possible,No_check_possible
3442,42228225,4,0.25,0.25,N,Not_Applicable(<30 pts),No_check_possible,No_check_possible,No_check_possible,No_check_possible,No_check_possible
3443,100413173,46,0.043478260869565216,0.043478260869565216,Y,0-40%,True,No_check_possible,No_check_possible,No_check_possible,No_check_possible
3444,100663494,43,0.13953488372093023,0.23255813953488372,Y,0-40%,True,No_check_possible,No_check_possible,No_check_possible,No_check_possible
3445,14741894,41,0.07317073170731707,0.07317073170731707,Y,0-40%,True,No_check_possible,No_check_possible,No_check_possible,No_check_possible
3446,41987939,4,0.5,0.5,N,Not_Applicable(<30 pts),No_check_possible,No_check_possible,No_check_possible,No_check_possible,No_check_possible
3447,41987917,4,0.5,0.5,N,Not_Applicable(<30 pts),No_check_possible,No_check_possible,No_check_possible,No_check_possible,No_check_possible
3448,15960323,42,0.07142857142857142,0.07142857142857142,Y,0-40%,True,No_check_possible,No_check_possible,No_check_possible,No_check_possible
3449,102546652,39,0.05128205128205128,0.05128205128205128,Y,0-40%,True,No_check_possible,No_check_possible,No_check_possible,No_check_possible
3450,11638147,21,0.09523809523809523,0.09523809523809523,N,Not_Applicable(<30 pts),No_check_possible,No_check_possible,No_check_possible,No_check_possible,No_check_possible
3451,11050501,33,0.06060606060606061,0.06060606060606061,Y,0-40%,True,No_check_possible,No_check_possible,No_check_possible,No_check_possible
3452,102845265,9,0.1111111111111111,0.2222222222222222,N,Not_Applicable(<30 pts),No_check_possible,No_check_possible,No_check_possible,No_check_possible,No_check_possible
3453,11248274,9,0.2222222222222222,0.2222222222222222,N,Not_Applicable(<30 pts),No_check_possible,No_check_possible,No_check_possible,No_check_possible,No_check_possible
3454,11020673,16,0.125,0.125,N,Not_Applicable(<30 pts),No_check_possible,No_check_possible,No_check_possible,No_check_possible,No_check_possible
3455,11279648,14,0.21428571428571427,0.21428571428571427,N,Not_Applicable(<30 pts),No_check_possible,No_check_possible,No_check_possible,No_check_possible,No_check_possible
3456,100834050,21,0.09523809523809523,0.09523809523809523,N,Not_Applicable(<30 pts),No_check_possible,No_check_possible,No_check_possible,No_check_possible,No_check_possible
3457,100834967,31,0.12903225806451613,0.25806451612903225,Y,0-40%,True,No_check_possible,No_check_possible,No_check_possible,No_check_possible
3458,102193260,47,0.1276595744680851,0.2127659574468085,Y,0-40%,True,No_check_possible,No_check_possible,No_check_possible,No_check_possible
3459,102571808,8,0.25,0.25,N,Not_Applicable(<30 pts),No_check_possible,No_check_possible,No_check_possible,No_check_possible,No_check_possible
3460,15971461,17,0.29411764705882354,0.4117647058823529,N,Not_Applicable(<30 pts),No_check_possible,No_check_possible,No_check_possible,No_check_possible,No_check_possible
3461,102117048,33,0.09090909090909091,0.12121212121212122,Y,0-40%,True,No_check_possible,No_check_possible,No_check_possible,No_check_possible
3462,42122323,13,0.07692307692307693,0.15384615384615385,N,Not_Applicable(<30 pts),No_check_possible,No_check_possible,No_check_possible,No_check_possible,No_check_possible
3463,42218637,17,0.17647058823529413,0.4117647058823529,N,Not_Applicable(<30 pts),No_check_possible,No_check_possible,No_check_possible,No_check_possible,No_check_possible
3464,102591747,15,0.13333333333333333,0.2,N,Not_Applicable(<30 pts),No_check_possible,No_check_possible,No_check_possible,No_check_possible,No_check_possible
3465,42219498,43,0.06976744186046512,0.09302325581395349,Y,0-40%,True,No_check_possible,No_check_possible,No_check_possible,No_check_possible
3466,11657965,40,0.075,0.075,Y,0-40%,True,No_check_possible,No_check_possible,No_check_possible,No_check_possible
3467,11340572,48,0.08333333333333333,0.08333333333333333,Y,0-40%,True,No_check_possible,No_check_possible,No_check_possible,No_check_possible
3468,102118265,22,0.09090909090909091,0.09090909090909091,N,Not_Applicable(<30 pts),No_check_possible,No_check_possible,No_check_possible,No_check_possible,No_check_possible
3469,100567150,3,0.6666666666666666,0.6666666666666666,N,Not_Applicable(<30 pts),No_check_possible,No_check_possible,No_check_possible,No_check_possible,No_check_possible
3470,16110329,7,0.2857142857142857,0.2857142857142857,N,Not_Applicable(<30 pts),No_check_possible,No_check_possible,No_check_possible,No_check_possible,No_check_possible
3471,11575160,4,0.25,0.25,N,Not_Applicable(<30 pts),No_check_possible,No_check_possible,No_check_possible,No_check_possible,No_check_possible
3472,11681149,44,0.022727272727272728,0.022727272727272728,Y,0-40%,True,No_check_possible,No_check_possible,No_check_possible,No_check_possible
3473,102557480,13,0.07692307692307693,0.3076923076923077,N,Not_Applicable(<30 pts),No_check_possible,No_check_possible,No_check_possible,No_check_possible,No_check_possible
3474,11021296,12,0.16666666666666666,0.16666666666666666,N,Not_Applicable(<30 pts),No_check_possible,No_check_possible,No_check_possible,No_check_possible,No_check_possible
3475,102897784,37,0.21621621621621623,0.5405405405405406,Y,0-40%,True,No_check_possible,No_check_possible,No_check_possible,No_check_possible
3476,11308371,35,0.08571428571428572,0.08571428571428572,Y,0-40%,True,No_check_possible,No_check_possible,No_check_possible,No_check_possible
3477,42209801,6,0.3333333333333333,0.3333333333333333,N,Not_Applicable(<30 pts),No_check_possible,No_check_possible,No_check_possible,No_check_possible,No_check_possible
3478,42258940,47,0.0425531914893617,0.0425531914893617,Y,0-40%,True,No_check_possible,No_check_possible,No_check_possible,No_check_possible
3479,42299900,11,0.18181818181818182,0.18181818181818182,N,Not_Applicable(<30 pts),No_check_possible,No_check_possible,No_check_possible,No_check_possible,No_check_possible
3480,11341274,5,0.4,2.2,N,Not_Applicable(<30 pts),No_check_possible,No_check_possible,No_check_possible,No_check_possible,No_check_possible
3481,42149952,24,0.041666666666666664,0.041666666666666664,N,Not_Applicable(<30 pts),No_check_possible,No_check_possible,No_check_possible,No_check_possible,No_check_possible
3482,16160777,39,0.07692307692307693,3.4871794871794872,Y,0-40%,True,No_check_possible,No_check_possible,No_check_possible,No_check_possible
3483,37457663,30,0.03333333333333333,0.03333333333333333,Y,0-40%,True,No_check_possible,No_check_possible,No_check_possible,No_check_possible
3484,42002815,44,0.045454545454545456,0.045454545454545456,Y,0-40%,True,No_check_possible,No_check_possible,No_check_possible,No_check_possible
3485,11339806,31,0.06451612903225806,0.06451612903225806,Y,0-40%,True,No_check_possible,No_check_possible,No_check_possible,No_check_possible
3486,11447317,4,0.5,0.5,N,Not_Applicable(<30 pts),No_check_possible,No_check_possible,No_check_possible,No_check_possible,No_check_possible
3487,100204092,12,0.16666666666666666,0.25,N,Not_Applicable(<30 pts),No_check_possible,No_check_possible,No_check_possible,No_check_possible,No_check_possible
3488,11646956,6,0.3333333333333333,0.5,N,Not_Applicable(<30 pts),No_check_possible,No_check_possible,No_check_possible,No_check_possible,No_check_possible
3489,42212594,17,0.11764705882352941,0.11764705882352941,N,Not_Applicable(<30 pts),No_check_possible,No_check_possible,No_check_possible,No_check_possible,No_check_possible
3490,37529247,35,0.08571428571428572,0.4857142857142857,Y,0-40%,True,No_check_possible,No_check_possible,No_check_possible,No_check_possible
3491,30446002,31,0.06451612903225806,0.06451612903225806,Y,0-40%,True,No_check_possible,No_check_possible,No_check_possible,No_check_possible
3492,16015315,4,0.5,0.5,N,Not_Applicable(<30 pts),No_check_possible,No_check_possible,No_check_possible,No_check_possible,No_check_possible
3493,16174072,11,0.2727272727272727,0.2727272727272727,N,Not_Applicable(<30 pts),No_check_possible,No_check_possible,No_check_possible,No_check_possible,No_check_possible
3494,11458416,9,0.2222222222222222,0.2222222222222222,N,Not_Applicable(<30 pts),No_check_possible,No_check_possible,No_check_possible,No_check_possible,No_check_possible
3495,15785304,5,0.4,0.6,N,Not_Applicable(<30 pts),No_check_possible,No_check_possible,No_check_possible,No_check_possible,No_check_possible
3496,11278365,22,0.13636363636363635,0.13636363636363635,N,Not_Applicable(<30 pts),No_check_possible,No_check_possible,No_check_possible,No_check_possible,No_check_possible
3497,49100766,46,0.08695652173913043,0.08695652173913043,Y,0-40%,True,No_check_possible,No_check_possible,No_check_possible,No_check_possible
3498,100494203,23,0.08695652173913043,0.08695652173913043,N,Not_Applicable(<30 pts),No_check_possible,No_check_possible,No_check_possible,No_check_possible,No_check_possible
3499,37458428,32,0.0625,0.09375,Y,0-40%,True,No_check_possible,No_check_possible,No_check_possible,No_check_possible
3500,11708515,29,0.06896551724137931,0.13793103448275862,N,Not_Applicable(<30 pts),No_check_possible,No_check_possible,No_check_possible,No_check_possible,No_check_possible
3501,100615010,39,0.1794871794871795,0.28205128205128205,Y,0-40%,True,No_check_possible,No_check_possible,No_check_possible,No_check_possible
3502,11506539,7,0.2857142857142857,0.42857142857142855,N,Not_Applicable(<30 pts),No_check_possible,No_check_possible,No_check_possible,No_check_possible,No_check_possible
3503,49162991,33,0.06060606060606061,0.06060606060606061,Y,0-40%,True,No_check_possible,No_check_possible,No_check_possible,No_check_possible
3504,37532192,46,0.043478260869565216,0.043478260869565216,Y,0-40%,True,No_check_possible,No_check_possible,No_check_possible,No_check_possible
3505,100144750,6,0.3333333333333333,0.3333333333333333,N,Not_Applicable(<30 pts),No_check_possible,No_check_possible,No_check_possible,No_check_possible,No_check_possible
3506,101909602,8,0.25,0.375,N,Not_Applicable(<30 pts),No_check_possible,No_check_possible,No_check_possible,No_check_possible,No_check_possible
3507,102810141,38,0.02631578947368421,0.02631578947368421,Y,0-40%,True,No_check_possible,No_check_possible,No_check_possible,No_check_possible
3508,100494027,16,0.0625,0.0625,N,Not_Applicable(<30 pts),No_check_possible,No_check_possible,No_check_possible,No_check_possible,No_check_possible
3509,102496577,39,0.10256410256410256,0.1282051282051282,Y,0-40%,True,No_check_possible,No_check_possible,No_check_possible,No_check_possible
3510,102785964,9,0.2222222222222222,0.3333333333333333,N,Not_Applicable(<30 pts),No_check_possible,No_check_possible,No_check_possible,No_check_possible,No_check_possible
3511,102824578,34,0.058823529411764705,0.11764705882352941,Y,0-40%,True,No_check_possible,No_check_possible,No_check_possible,No_check_possible
3512,101876269,20,0.1,0.1,N,Not_Applicable(<30 pts),No_check_possible,No_check_possible,No_check_possible,No_check_possible,No_check_possible
3513,42222597,33,0.21212121212121213,0.30303030303030304,Y,0-40%,True,No_check_possible,No_check_possible,No_check_possible,No_check_possible
3514,15757835,47,0.0851063829787234,0.0851063829787234,Y,0-40%,True,No_check_possible,No_check_possible,No_check_possible,No_check_possible
3515,11040625,17,0.11764705882352941,0.11764705882352941,N,Not_Applicable(<30 pts),No_check_possible,No_check_possible,No_check_possible,No_check_possible,No_check_possible
3516,49091873,42,0.07142857142857142,0.07142857142857142,Y,0-40%,True,No_check_possible,No_check_possible,No_check_possible,No_check_possible
3517,100770345,44,0.06818181818181818,0.11363636363636363,Y,0-40%,True,No_check_possible,No_check_possible,No_check_possible,No_check_possible
3518,42133091,41,0.0975609756097561,0.12195121951219512,Y,0-40%,True,No_check_possible,No_check_possible,No_check_possible,No_check_possible
3519,11538402,4,0.5,0.5,N,Not_Applicable(<30 pts),No_check_possible,No_check_possible,No_check_possible,No_check_possible,No_check_possible
3520,15822648,7,0.42857142857142855,0.5714285714285714,N,Not_Applicable(<30 pts),No_check_possible,No_check_possible,No_check_possible,No_check_possible,No_check_possible
3521,15726375,18,0.16666666666666666,0.16666666666666666,N,Not_Applicable(<30 pts),No_check_possible,No_check_possible,No_check_possible,No_check_possible,No_check_possible
3522,11157750,49,0.04081632653061224,0.04081632653061224,Y,0-40%,True,No_check_possible,No_check_possible,No_check_possible,No_check_possible
3523,11637324,14,0.21428571428571427,0.2857142857142857,N,Not_Applicable(<30 pts),No_check_possible,No_check_possible,No_check_possible,No_check_possible,No_check_possible
3524,102611662,21,0.09523809523809523,0.09523809523809523,N,Not_Applicable(<30 pts),No_check_possible,No_check_possible,No_check_possible,No_check_possible,No_check_possible
3525,12607666,20,0.1,0.1,N,Not_Applicable(<30 pts),No_check_possible,No_check_possible,No_check_possible,No_check_possible,No_check_possible
3526,16105538,16,0.125,0.125,N,Not_Applicable(<30 pts),No_check_possible,No_check_possible,No_check_possible,No_check_possible,No_check_possible
3527,101947159,42,0.023809523809523808,4.761904761904762,Y,0-40%,True,No_check_possible,No_check_possible,No_check_possible,No_check_possible
3528,42205351,6,0.3333333333333333,0.5,N,Not_Applicable(<30 pts),No_check_possible,No_check_possible,No_check_possible,No_check_possible,No_check_possible
3529,100672027,19,0.10526315789473684,0.15789473684210525,N,Not_Applicable(<30 pts),No_check_possible,No_check_possible,No_check_possible,No_check_possible,No_check_possible
3530,100862119,6,0.16666666666666666,0.16666666666666666,N,Not_Applicable(<30 pts),No_check_possible,No_check_possible,No_check_possible,No_check_possible,No_check_possible
3531,15957366,35,0.05714285714285714,0.14285714285714285,Y,0-40%,True,No_check_possible,No_check_possible,No_check_possible,No_check_possible
3532,42251717,15,0.13333333333333333,0.13333333333333333,N,Not_Applicable(<30 pts),No_check_possible,No_check_possible,No_check_possible,No_check_possible,No_check_possible
3533,11709892,45,0.06666666666666667,0.7111111111111111,Y,0-40%,True,No_check_possible,No_check_possible,No_check_possible,No_check_possible
3534,101487772,17,0.058823529411764705,0.058823529411764705,N,Not_Applicable(<30 pts),No_check_possible,No_check_possible,No_check_possible,No_check_possible,No_check_possible
3535,102795228,37,0.05405405405405406,0.10810810810810811,Y,0-40%,True,No_check_possible,No_check_possible,No_check_possible,No_check_possible
3536,100781512,21,0.09523809523809523,0.09523809523809523,N,Not_Applicable(<30 pts),No_check_possible,No_check_possible,No_check_possible,No_check_possible,No_check_possible
3537,100596968,4,0.5,0.5,N,Not_Applicable(<30 pts),No_check_possible,No_check_possible,No_check_possible,No_check_possible,No_check_possible
3538,11129959,4,0.5,0.5,N,Not_Applicable(<30 pts),No_check_possible,No_check_possible,No_check_possible,No_check_possible,No_check_possible
3539,11560632,34,0.11764705882352941,0.14705882352941177,Y,0-40%,True,No_check_possible,No_check_possible,No_check_possible,No_check_possible
3540,11698072,43,0.06976744186046512,0.09302325581395349,Y,0-40%,True,No_check_possible,No_check_possible,No_check_possible,No_check_possible
3541,100663127,37,0.02702702702702703,0.02702702702702703,Y,0-40%,True,No_check_possible,No_check_possible,No_check_possible,No_check_possible
3542,42211368,20,0.15,0.15,N,Not_Applicable(<30 pts),No_check_possible,No_check_possible,No_check_possible,No_check_possible,No_check_possible
3543,101947271,12,0.16666666666666666,0.16666666666666666,N,Not_Applicable(<30 pts),No_check_possible,No_check_possible,No_check_possible,No_check_possible,No_check_possible
3544,11613916,17,0.11764705882352941,0.11764705882352941,N,Not_Applicable(<30 pts),No_check_possible,No_check_possible,No_check_possible,No_check_possible,No_check_possible
3545,100485109,21,0.09523809523809523,0.09523809523809523,N,Not_Applicable(<30 pts),No_check_possible,No_check_possible,No_check_possible,No_check_possible,No_check_possible
3546,42152302,11,0.18181818181818182,0.18181818181818182,N,Not_Applicable(<30 pts),No_check_possible,No_check_possible,No_check_possible,No_check_possible,No_check_possible
3547,42272165,35,0.08571428571428572,0.14285714285714285,Y,0-40%,True,No_check_possible,No_check_possible,No_check_possible,No_check_possible
3548,102756343,36,0.05555555555555555,0.05555555555555555,Y,0-40%,True,No_check_possible,No_check_possible,No_check_possible,No_check_possible
3549,102795226,6,0.16666666666666666,0.3333333333333333,N,Not_Applicable(<30 pts),No_check_possible,No_check_possible,No_check_possible,No_check_possible,No_check_possible
3550,42141015,32,0.0625,0.0625,Y,0-40%,True,No_check_possible,No_check_possible,No_check_possible,No_check_possible
3551,102630819,36,0.027777777777777776,0.027777777777777776,Y,0-40%,True,No_check_possible,No_check_possible,No_check_possible,No_check_possible
3552,11573302,35,0.05714285714285714,0.05714285714285714,Y,0-40%,True,No_check_possible,No_check_possible,No_check_possible,No_check_possible
3553,102539234,6,0.16666666666666666,0.3333333333333333,N,Not_Applicable(<30 pts),No_check_possible,No_check_possible,No_check_possible,No_check_possible,No_check_possible
3554,100095315,35,0.05714285714285714,0.08571428571428572,Y,0-40%,True,No_check_possible,No_check_possible,No_check_possible,No_check_possible
3555,100552873,36,0.05555555555555555,0.05555555555555555,Y,0-40%,True,No_check_possible,No_check_possible,No_check_possible,No_check_possible
3556,102270903,34,0.058823529411764705,0.08823529411764706,Y,0-40%,True,No_check_possible,No_check_possible,No_check_possible,No_check_possible
3557,101935658,14,0.07142857142857142,0.14285714285714285,N,Not_Applicable(<30 pts),No_check_possible,No_check_possible,No_check_possible,No_check_possible,No_check_possible
3558,102495677,32,0.03125,0.0625,Y,0-40%,True,No_check_possible,No_check_possible,No_check_possible,No_check_possible
3559,102737788,3,0.6666666666666666,1.3333333333333333,N,Not_Applicable(<30 pts),No_check_possible,No_check_possible,No_check_possible,No_check_possible,No_check_possible
3560,100637601,10,0.2,0.3,N,Not_Applicable(<30 pts),No_check_possible,No_check_possible,No_check_possible,No_check_possible,No_check_possible
3561,102827875,39,0.05128205128205128,0.07692307692307693,Y,0-40%,True,No_check_possible,No_check_possible,No_check_possible,No_check_possible
3562,102746616,7,0.2857142857142857,0.5714285714285714,N,Not_Applicable(<30 pts),No_check_possible,No_check_possible,No_check_possible,No_check_possible,No_check_possible
3563,102579459,36,0.1111111111111111,0.19444444444444445,Y,0-40%,True,No_check_possible,No_check_possible,No_check_possible,No_check_possible
3564,102746614,46,0.13043478260869565,0.15217391304347827,Y,0-40%,True,No_check_possible,No_check_possible,No_check_possible,No_check_possible
3565,102752209,35,0.08571428571428572,0.11428571428571428,Y,0-40%,True,No_check_possible,No_check_possible,No_check_possible,No_check_possible
3566,102819212,15,0.13333333333333333,0.2,N,Not_Applicable(<30 pts),No_check_possible,No_check_possible,No_check_possible,No_check_possible,No_check_possible
3567,102844785,18,0.1111111111111111,0.16666666666666666,N,Not_Applicable(<30 pts),No_check_possible,No_check_possible,No_check_possible,No_check_possible,No_check_possible
3568,11891808,32,0.125,0.15625,Y,0-40%,True,No_check_possible,No_check_possible,No_check_possible,No_check_possible
3569,100563666,41,0.04878048780487805,0.07317073170731707,Y,0-40%,True,No_check_possible,No_check_possible,No_check_possible,No_check_possible
3570,102349956,37,0.08108108108108109,0.10810810810810811,Y,0-40%,True,No_check_possible,No_check_possible,No_check_possible,No_check_possible
3571,102096163,41,0.04878048780487805,0.07317073170731707,Y,0-40%,True,No_check_possible,No_check_possible,No_check_possible,No_check_possible
3572,102308523,43,0.046511627906976744,0.06976744186046512,Y,0-40%,True,No_check_possible,No_check_possible,No_check_possible,No_check_possible
3573,102318049,41,0.0975609756097561,0.12195121951219512,Y,0-40%,True,No_check_possible,No_check_possible,No_check_possible,No_check_possible
3574,102318057,34,0.08823529411764706,0.14705882352941177,Y,0-40%,True,No_check_possible,No_check_possible,No_check_possible,No_check_possible
3575,102318055,40,0.075,0.125,Y,0-40%,True,No_check_possible,No_check_possible,No_check_possible,No_check_possible
3576,102781815,29,0.10344827586206896,0.1724137931034483,N,Not_Applicable(<30 pts),No_check_possible,No_check_possible,No_check_possible,No_check_possible,No_check_possible
3577,799338,7,0.2857142857142857,0.5714285714285714,N,Not_Applicable(<30 pts),No_check_possible,No_check_possible,No_check_possible,No_check_possible,No_check_possible
3578,101876631,46,0.043478260869565216,0.10869565217391304,Y,0-40%,True,No_check_possible,No_check_possible,No_check_possible,No_check_possible
3579,102787956,9,0.6666666666666666,2.111111111111111,N,Not_Applicable(<30 pts),No_check_possible,No_check_possible,No_check_possible,No_check_possible,No_check_possible
3580,102892972,4,0.5,1.25,N,Not_Applicable(<30 pts),No_check_possible,No_check_possible,No_check_possible,No_check_possible,No_check_possible
3581,102293700,4,0.5,0.5,N,Not_Applicable(<30 pts),No_check_possible,No_check_possible,No_check_possible,No_check_possible,No_check_possible
3582,16302001,18,0.4444444444444444,0.4444444444444444,N,Not_Applicable(<30 pts),No_check_possible,No_check_possible,No_check_possible,No_check_possible,No_check_possible
3583,102181749,32,0.09375,0.09375,Y,0-40%,True,No_check_possible,No_check_possible,No_check_possible,No_check_possible
3584,102291040,46,0.043478260869565216,0.043478260869565216,Y,0-40%,True,No_check_possible,No_check_possible,No_check_possible,No_check_possible
3585,102810399,4,0.75,1.25,N,Not_Applicable(<30 pts),No_check_possible,No_check_possible,No_check_possible,No_check_possible,No_check_possible
3586,100556137,7,0.2857142857142857,0.42857142857142855,N,Not_Applicable(<30 pts),No_check_possible,No_check_possible,No_check_possible,No_check_possible,No_check_possible
3587,102590048,17,0.11764705882352941,17.705882352941178,N,Not_Applicable(<30 pts),No_check_possible,No_check_possible,No_check_possible,No_check_possible,No_check_possible
3588,102288422,32,0.09375,0.125,Y,0-40%,True,No_check_possible,No_check_possible,No_check_possible,No_check_possible
3589,102338386,37,0.1891891891891892,0.32432432432432434,Y,0-40%,True,No_check_possible,No_check_possible,No_check_possible,No_check_possible
3590,16120636,29,0.06896551724137931,0.06896551724137931,N,Not_Applicable(<30 pts),No_check_possible,No_check_possible,No_check_possible,No_check_possible,No_check_possible
3591,11311867,41,0.07317073170731707,0.07317073170731707,Y,0-40%,True,No_check_possible,No_check_possible,No_check_possible,No_check_possible
3592,42123297,14,0.2857142857142857,0.5,N,Not_Applicable(<30 pts),No_check_possible,No_check_possible,No_check_possible,No_check_possible,No_check_possible
3593,15624146,20,0.15,0.15,N,Not_Applicable(<30 pts),No_check_possible,No_check_possible,No_check_possible,No_check_possible,No_check_possible
3594,100094758,32,0.1875,0.28125,Y,0-40%,True,No_check_possible,No_check_possible,No_check_possible,No_check_possible
3595,102408846,29,0.06896551724137931,0.06896551724137931,N,Not_Applicable(<30 pts),No_check_possible,No_check_possible,No_check_possible,No_check_possible,No_check_possible
3596,42153415,45,0.06666666666666667,0.13333333333333333,Y,0-40%,True,No_check_possible,No_check_possible,No_check_possible,No_check_possible
3597,100006082,4,0.5,1.0,N,Not_Applicable(<30 pts),No_check_possible,No_check_possible,No_check_possible,No_check_possible,No_check_possible
3598,49122513,28,0.14285714285714285,0.21428571428571427,N,Not_Applicable(<30 pts),No_check_possible,No_check_possible,No_check_possible,No_check_possible,No_check_possible
3599,11074530,8,0.25,0.25,N,Not_Applicable(<30 pts),No_check_possible,No_check_possible,No_check_possible,No_check_possible,No_check_possible
3600,11523070,39,0.05128205128205128,0.05128205128205128,Y,0-40%,True,No_check_possible,No_check_possible,No_check_possible,No_check_possible
3601,11695625,27,0.1111111111111111,0.1111111111111111,N,Not_Applicable(<30 pts),No_check_possible,No_check_possible,No_check_possible,No_check_possible,No_check_possible
3602,100485415,7,0.14285714285714285,0.2857142857142857,N,Not_Applicable(<30 pts),No_check_possible,No_check_possible,No_check_possible,No_check_possible,No_check_possible
3603,102535281,3,0.6666666666666666,0.6666666666666666,N,Not_Applicable(<30 pts),No_check_possible,No_check_possible,No_check_possible,No_check_possible,No_check_possible
3604,11557934,5,0.4,0.4,N,Not_Applicable(<30 pts),No_check_possible,No_check_possible,No_check_possible,No_check_possible,No_check_possible
3605,37458517,44,0.06818181818181818,0.11363636363636363,Y,0-40%,True,No_check_possible,No_check_possible,No_check_possible,No_check_possible
3606,11665015,6,0.5,0.5,N,Not_Applicable(<30 pts),No_check_possible,No_check_possible,No_check_possible,No_check_possible,No_check_possible
3607,12423715,14,0.14285714285714285,0.14285714285714285,N,Not_Applicable(<30 pts),No_check_possible,No_check_possible,No_check_possible,No_check_possible,No_check_possible
3608,101482529,36,0.05555555555555555,0.05555555555555555,Y,0-40%,True,No_check_possible,No_check_possible,No_check_possible,No_check_possible
3609,11124770,28,0.07142857142857142,0.07142857142857142,N,Not_Applicable(<30 pts),No_check_possible,No_check_possible,No_check_possible,No_check_possible,No_check_possible
3610,100240241,7,0.2857142857142857,0.2857142857142857,N,Not_Applicable(<30 pts),No_check_possible,No_check_possible,No_check_possible,No_check_possible,No_check_possible
3611,102280521,7,0.2857142857142857,0.2857142857142857,N,Not_Applicable(<30 pts),No_check_possible,No_check_possible,No_check_possible,No_check_possible,No_check_possible
3612,11636911,4,0.5,0.5,N,Not_Applicable(<30 pts),No_check_possible,No_check_possible,No_check_possible,No_check_possible,No_check_possible
3613,102819202,44,0.11363636363636363,2.4318181818181817,Y,0-40%,True,No_check_possible,No_check_possible,No_check_possible,No_check_possible
3614,102641207,40,0.05,0.05,Y,0-40%,True,No_check_possible,No_check_possible,No_check_possible,No_check_possible
3615,11669138,44,0.06818181818181818,0.06818181818181818,Y,0-40%,True,No_check_possible,No_check_possible,No_check_possible,No_check_possible
3616,100712048,12,0.16666666666666666,0.25,N,Not_Applicable(<30 pts),No_check_possible,No_check_possible,No_check_possible,No_check_possible,No_check_possible
3617,37458755,46,0.043478260869565216,0.06521739130434782,Y,0-40%,True,No_check_possible,No_check_possible,No_check_possible,No_check_possible
3618,100259860,9,0.3333333333333333,0.5555555555555556,N,Not_Applicable(<30 pts),No_check_possible,No_check_possible,No_check_possible,No_check_possible,No_check_possible
3619,29665414,45,0.08888888888888889,0.1111111111111111,Y,0-40%,True,No_check_possible,No_check_possible,No_check_possible,No_check_possible
3620,102631175,41,0.024390243902439025,0.024390243902439025,Y,0-40%,True,No_check_possible,No_check_possible,No_check_possible,No_check_possible
3621,11591553,13,0.15384615384615385,0.23076923076923078,N,Not_Applicable(<30 pts),No_check_possible,No_check_possible,No_check_possible,No_check_possible,No_check_possible
3622,42156366,17,0.17647058823529413,0.23529411764705882,N,Not_Applicable(<30 pts),No_check_possible,No_check_possible,No_check_possible,No_check_possible,No_check_possible
3623,101502710,19,0.21052631578947367,0.3684210526315789,N,Not_Applicable(<30 pts),No_check_possible,No_check_possible,No_check_possible,No_check_possible,No_check_possible
3624,100172898,19,0.21052631578947367,0.21052631578947367,N,Not_Applicable(<30 pts),No_check_possible,No_check_possible,No_check_possible,No_check_possible,No_check_possible
3625,102496735,12,0.16666666666666666,0.16666666666666666,N,Not_Applicable(<30 pts),No_check_possible,No_check_possible,No_check_possible,No_check_possible,No_check_possible
3626,102204392,14,0.14285714285714285,0.14285714285714285,N,Not_Applicable(<30 pts),No_check_possible,No_check_possible,No_check_possible,No_check_possible,No_check_possible
3627,42211868,32,0.09375,0.125,Y,0-40%,True,No_check_possible,No_check_possible,No_check_possible,No_check_possible
3628,11330213,37,0.05405405405405406,0.05405405405405406,Y,0-40%,True,No_check_possible,No_check_possible,No_check_possible,No_check_possible
3629,11574459,12,0.16666666666666666,0.16666666666666666,N,Not_Applicable(<30 pts),No_check_possible,No_check_possible,No_check_possible,No_check_possible,No_check_possible
3630,16149619,3,0.6666666666666666,0.6666666666666666,N,Not_Applicable(<30 pts),No_check_possible,No_check_possible,No_check_possible,No_check_possible,No_check_possible
3631,15386148,13,0.15384615384615385,0.15384615384615385,N,Not_Applicable(<30 pts),No_check_possible,No_check_possible,No_check_possible,No_check_possible,No_check_possible
3632,100481534,27,0.037037037037037035,0.037037037037037035,N,Not_Applicable(<30 pts),No_check_possible,No_check_possible,No_check_possible,No_check_possible,No_check_possible
3633,42225866,36,0.027777777777777776,0.027777777777777776,Y,0-40%,True,No_check_possible,No_check_possible,No_check_possible,No_check_possible
3634,101798282,36,0.1388888888888889,0.16666666666666666,Y,0-40%,True,No_check_possible,No_check_possible,No_check_possible,No_check_possible
3635,100150616,28,0.07142857142857142,0.07142857142857142,N,Not_Applicable(<30 pts),No_check_possible,No_check_possible,No_check_possible,No_check_possible,No_check_possible
3636,102151863,42,0.07142857142857142,0.7380952380952381,Y,0-40%,True,No_check_possible,No_check_possible,No_check_possible,No_check_possible
3637,102823295,34,0.029411764705882353,0.08823529411764706,Y,0-40%,True,No_check_possible,No_check_possible,No_check_possible,No_check_possible
3638,42253517,12,0.16666666666666666,0.25,N,Not_Applicable(<30 pts),No_check_possible,No_check_possible,No_check_possible,No_check_possible,No_check_possible
3639,102984228,43,0.23255813953488372,0.5813953488372093,Y,0-40%,True,No_check_possible,No_check_possible,No_check_possible,No_check_possible
3640,102571802,7,0.2857142857142857,0.42857142857142855,N,Not_Applicable(<30 pts),No_check_possible,No_check_possible,No_check_possible,No_check_possible,No_check_possible
3641,102186644,9,0.2222222222222222,0.2222222222222222,N,Not_Applicable(<30 pts),No_check_possible,No_check_possible,No_check_possible,No_check_possible,No_check_possible
3642,49127407,34,0.14705882352941177,0.20588235294117646,Y,0-40%,True,No_check_possible,No_check_possible,No_check_possible,No_check_possible
3643,100009220,27,0.07407407407407407,0.07407407407407407,N,Not_Applicable(<30 pts),No_check_possible,No_check_possible,No_check_possible,No_check_possible,No_check_possible
3644,11487360,35,0.11428571428571428,0.17142857142857143,Y,0-40%,True,No_check_possible,No_check_possible,No_check_possible,No_check_possible
3645,13699392,27,0.07407407407407407,0.14814814814814814,N,Not_Applicable(<30 pts),No_check_possible,No_check_possible,No_check_possible,No_check_possible,No_check_possible
3646,11515139,46,0.043478260869565216,0.043478260869565216,Y,0-40%,True,No_check_possible,No_check_possible,No_check_possible,No_check_possible
3647,100655319,3,0.6666666666666666,0.6666666666666666,N,Not_Applicable(<30 pts),No_check_possible,No_check_possible,No_check_possible,No_check_possible,No_check_possible
3648,11643909,29,0.06896551724137931,0.06896551724137931,N,Not_Applicable(<30 pts),No_check_possible,No_check_possible,No_check_possible,No_check_possible,No_check_possible
3649,11709923,12,0.16666666666666666,0.16666666666666666,N,Not_Applicable(<30 pts),No_check_possible,No_check_possible,No_check_possible,No_check_possible,No_check_possible
3650,11070061,37,0.08108108108108109,0.08108108108108109,Y,0-40%,True,No_check_possible,No_check_possible,No_check_possible,No_check_possible
3651,11597764,6,0.3333333333333333,0.3333333333333333,N,Not_Applicable(<30 pts),No_check_possible,No_check_possible,No_check_possible,No_check_possible,No_check_possible
3652,102489407,44,0.045454545454545456,0.045454545454545456,Y,0-40%,True,No_check_possible,No_check_possible,No_check_possible,No_check_possible
3653,11668565,34,0.058823529411764705,0.058823529411764705,Y,0-40%,True,No_check_possible,No_check_possible,No_check_possible,No_check_possible
3654,102746816,14,0.14285714285714285,0.14285714285714285,N,Not_Applicable(<30 pts),No_check_possible,No_check_possible,No_check_possible,No_check_possible,No_check_possible
3655,100848099,14,0.14285714285714285,0.14285714285714285,N,Not_Applicable(<30 pts),No_check_possible,No_check_possible,No_check_possible,No_check_possible,No_check_possible
3656,101839590,38,0.07894736842105263,0.07894736842105263,Y,0-40%,True,No_check_possible,No_check_possible,No_check_possible,No_check_possible
3657,100631738,26,0.11538461538461539,0.15384615384615385,N,Not_Applicable(<30 pts),No_check_possible,No_check_possible,No_check_possible,No_check_possible,No_check_possible
3658,100758004,41,0.07317073170731707,0.1951219512195122,Y,0-40%,True,No_check_possible,No_check_possible,No_check_possible,No_check_possible
3659,100641044,46,0.10869565217391304,0.17391304347826086,Y,0-40%,True,No_check_possible,No_check_possible,No_check_possible,No_check_possible
3660,102781960,42,0.09523809523809523,0.09523809523809523,Y,0-40%,True,No_check_possible,No_check_possible,No_check_possible,No_check_possible
3661,100620770,38,0.21052631578947367,0.4473684210526316,Y,0-40%,True,No_check_possible,No_check_possible,No_check_possible,No_check_possible
3662,102523180,39,0.05128205128205128,0.05128205128205128,Y,0-40%,True,No_check_possible,No_check_possible,No_check_possible,No_check_possible
3663,100674649,41,0.04878048780487805,0.04878048780487805,Y,0-40%,True,No_check_possible,No_check_possible,No_check_possible,No_check_possible
3664,102795058,35,0.05714285714285714,0.05714285714285714,Y,0-40%,True,No_check_possible,No_check_possible,No_check_possible,No_check_possible
3665,42299774,31,0.06451612903225806,0.06451612903225806,Y,0-40%,True,No_check_possible,No_check_possible,No_check_possible,No_check_possible
3666,11495530,14,0.14285714285714285,0.14285714285714285,N,Not_Applicable(<30 pts),No_check_possible,No_check_possible,No_check_possible,No_check_possible,No_check_possible
3667,11607783,36,0.1111111111111111,0.16666666666666666,Y,0-40%,True,No_check_possible,No_check_possible,No_check_possible,No_check_possible
3668,15841307,40,0.075,0.075,Y,0-40%,True,No_check_possible,No_check_possible,No_check_possible,No_check_possible
3669,100753175,18,0.05555555555555555,0.05555555555555555,N,Not_Applicable(<30 pts),No_check_possible,No_check_possible,No_check_possible,No_check_possible,No_check_possible
3670,14365399,14,0.14285714285714285,0.14285714285714285,N,Not_Applicable(<30 pts),No_check_possible,No_check_possible,No_check_possible,No_check_possible,No_check_possible
3671,14365373,14,0.14285714285714285,0.14285714285714285,N,Not_Applicable(<30 pts),No_check_possible,No_check_possible,No_check_possible,No_check_possible,No_check_possible
3672,14365371,14,0.14285714285714285,0.14285714285714285,N,Not_Applicable(<30 pts),No_check_possible,No_check_possible,No_check_possible,No_check_possible,No_check_possible
3673,42123633,37,0.10810810810810811,0.2702702702702703,Y,0-40%,True,No_check_possible,No_check_possible,No_check_possible,No_check_possible
3674,100627114,11,0.2727272727272727,0.2727272727272727,N,Not_Applicable(<30 pts),No_check_possible,No_check_possible,No_check_possible,No_check_possible,No_check_possible
3675,102142881,4,0.25,0.25,N,Not_Applicable(<30 pts),No_check_possible,No_check_possible,No_check_possible,No_check_possible,No_check_possible
3676,100446686,15,0.2,0.26666666666666666,N,Not_Applicable(<30 pts),No_check_possible,No_check_possible,No_check_possible,No_check_possible,No_check_possible
3677,101893263,34,0.058823529411764705,0.058823529411764705,Y,0-40%,True,No_check_possible,No_check_possible,No_check_possible,No_check_possible
3678,101517884,15,0.13333333333333333,0.13333333333333333,N,Not_Applicable(<30 pts),No_check_possible,No_check_possible,No_check_possible,No_check_possible,No_check_possible
3679,100525334,3,0.3333333333333333,0.3333333333333333,N,Not_Applicable(<30 pts),No_check_possible,No_check_possible,No_check_possible,No_check_possible,No_check_possible
3680,100781428,11,0.18181818181818182,0.18181818181818182,N,Not_Applicable(<30 pts),No_check_possible,No_check_possible,No_check_possible,No_check_possible,No_check_possible
3681,11701969,36,0.1111111111111111,0.4722222222222222,Y,0-40%,True,No_check_possible,No_check_possible,No_check_possible,No_check_possible
3682,11352147,45,0.044444444444444446,0.06666666666666667,Y,0-40%,True,No_check_possible,No_check_possible,No_check_possible,No_check_possible
3683,11389951,29,0.06896551724137931,0.20689655172413793,N,Not_Applicable(<30 pts),No_check_possible,No_check_possible,No_check_possible,No_check_possible,No_check_possible
3684,11267532,30,0.06666666666666667,0.06666666666666667,Y,0-40%,True,No_check_possible,No_check_possible,No_check_possible,No_check_possible
3685,15258174,30,0.06666666666666667,0.13333333333333333,Y,0-40%,True,No_check_possible,No_check_possible,No_check_possible,No_check_possible
3686,11711566,7,0.14285714285714285,0.14285714285714285,N,Not_Applicable(<30 pts),No_check_possible,No_check_possible,No_check_possible,No_check_possible,No_check_possible
3687,100835061,7,0.14285714285714285,0.14285714285714285,N,Not_Applicable(<30 pts),No_check_possible,No_check_possible,No_check_possible,No_check_possible,No_check_possible
3688,11703423,12,0.25,0.25,N,Not_Applicable(<30 pts),No_check_possible,No_check_possible,No_check_possible,No_check_possible,No_check_possible
3689,11700030,29,0.06896551724137931,0.06896551724137931,N,Not_Applicable(<30 pts),No_check_possible,No_check_possible,No_check_possible,No_check_possible,No_check_possible
3690,11506771,43,0.046511627906976744,0.06976744186046512,Y,0-40%,True,No_check_possible,No_check_possible,No_check_possible,No_check_possible
3691,49065685,25,0.04,0.4,N,Not_Applicable(<30 pts),No_check_possible,No_check_possible,No_check_possible,No_check_possible,No_check_possible
3692,11296224,34,0.029411764705882353,0.029411764705882353,Y,0-40%,True,No_check_possible,No_check_possible,No_check_possible,No_check_possible
3693,102775230,36,0.1111111111111111,0.1111111111111111,Y,0-40%,True,No_check_possible,No_check_possible,No_check_possible,No_check_possible
3694,15728917,37,0.05405405405405406,0.05405405405405406,Y,0-40%,True,No_check_possible,No_check_possible,No_check_possible,No_check_possible
3695,100412878,35,0.05714285714285714,0.05714285714285714,Y,0-40%,True,No_check_possible,No_check_possible,No_check_possible,No_check_possible
3696,102746170,10,0.3,0.3,N,Not_Applicable(<30 pts),No_check_possible,No_check_possible,No_check_possible,No_check_possible,No_check_possible
3697,101909216,43,0.046511627906976744,0.046511627906976744,Y,0-40%,True,No_check_possible,No_check_possible,No_check_possible,No_check_possible
3698,102731706,10,0.2,0.2,N,Not_Applicable(<30 pts),No_check_possible,No_check_possible,No_check_possible,No_check_possible,No_check_possible
3699,102331214,6,0.3333333333333333,0.3333333333333333,N,Not_Applicable(<30 pts),No_check_possible,No_check_possible,No_check_possible,No_check_possible,No_check_possible
3700,102294612,10,0.3,0.3,N,Not_Applicable(<30 pts),No_check_possible,No_check_possible,No_check_possible,No_check_possible,No_check_possible
3701,100496294,31,0.06451612903225806,0.1935483870967742,Y,0-40%,True,No_check_possible,No_check_possible,No_check_possible,No_check_possible
3702,42154022,29,0.06896551724137931,0.06896551724137931,N,Not_Applicable(<30 pts),No_check_possible,No_check_possible,No_check_possible,No_check_possible,No_check_possible
3703,15971351,12,0.25,0.25,N,Not_Applicable(<30 pts),No_check_possible,No_check_possible,No_check_possible,No_check_possible,No_check_possible
3704,42150320,40,0.05,0.05,Y,0-40%,True,No_check_possible,No_check_possible,No_check_possible,No_check_possible
3705,102318051,43,0.09302325581395349,0.11627906976744186,Y,0-40%,True,No_check_possible,No_check_possible,No_check_possible,No_check_possible
3706,11705425,32,0.09375,0.125,Y,0-40%,True,No_check_possible,No_check_possible,No_check_possible,No_check_possible
3707,11245824,6,0.3333333333333333,0.3333333333333333,N,Not_Applicable(<30 pts),No_check_possible,No_check_possible,No_check_possible,No_check_possible,No_check_possible
3708,100725035,6,0.16666666666666666,0.16666666666666666,N,Not_Applicable(<30 pts),No_check_possible,No_check_possible,No_check_possible,No_check_possible,No_check_possible
3709,11667597,42,0.07142857142857142,0.07142857142857142,Y,0-40%,True,No_check_possible,No_check_possible,No_check_possible,No_check_possible
3710,11241345,30,0.03333333333333333,0.03333333333333333,Y,0-40%,True,No_check_possible,No_check_possible,No_check_possible,No_check_possible
3711,100838096,32,0.0625,0.0625,Y,0-40%,True,No_check_possible,No_check_possible,No_check_possible,No_check_possible
3712,11129967,17,0.058823529411764705,0.058823529411764705,N,Not_Applicable(<30 pts),No_check_possible,No_check_possible,No_check_possible,No_check_possible,No_check_possible
3713,11591638,8,0.125,0.125,N,Not_Applicable(<30 pts),No_check_possible,No_check_possible,No_check_possible,No_check_possible,No_check_possible
3714,11207285,43,0.046511627906976744,0.06976744186046512,Y,0-40%,True,No_check_possible,No_check_possible,No_check_possible,No_check_possible
3715,11473565,42,0.07142857142857142,0.09523809523809523,Y,0-40%,True,No_check_possible,No_check_possible,No_check_possible,No_check_possible
3716,101798281,4,0.5,0.5,N,Not_Applicable(<30 pts),No_check_possible,No_check_possible,No_check_possible,No_check_possible,No_check_possible
3717,11174562,5,0.6,0.6,N,Not_Applicable(<30 pts),No_check_possible,No_check_possible,No_check_possible,No_check_possible,No_check_possible
3718,42223247,37,0.16216216216216217,0.16216216216216217,Y,0-40%,True,No_check_possible,No_check_possible,No_check_possible,No_check_possible
3719,15374369,3,0.6666666666666666,0.6666666666666666,N,Not_Applicable(<30 pts),No_check_possible,No_check_possible,No_check_possible,No_check_possible,No_check_possible
3720,12601784,9,0.2222222222222222,0.2222222222222222,N,Not_Applicable(<30 pts),No_check_possible,No_check_possible,No_check_possible,No_check_possible,No_check_possible
3721,42123358,40,0.1,0.275,Y,0-40%,True,No_check_possible,No_check_possible,No_check_possible,No_check_possible
3722,102318007,34,0.058823529411764705,0.058823529411764705,Y,0-40%,True,No_check_possible,No_check_possible,No_check_possible,No_check_possible
3723,102579497,41,0.12195121951219512,0.24390243902439024,Y,0-40%,True,No_check_possible,No_check_possible,No_check_possible,No_check_possible
3724,11699243,12,0.16666666666666666,0.16666666666666666,N,Not_Applicable(<30 pts),No_check_possible,No_check_possible,No_check_possible,No_check_possible,No_check_possible
3725,100448473,39,0.05128205128205128,0.05128205128205128,Y,0-40%,True,No_check_possible,No_check_possible,No_check_possible,No_check_possible
3726,16039191,16,0.125,0.125,N,Not_Applicable(<30 pts),No_check_possible,No_check_possible,No_check_possible,No_check_possible,No_check_possible
3727,15815994,36,0.08333333333333333,0.08333333333333333,Y,0-40%,True,No_check_possible,No_check_possible,No_check_possible,No_check_possible
3728,11501853,4,0.5,0.5,N,Not_Applicable(<30 pts),No_check_possible,No_check_possible,No_check_possible,No_check_possible,No_check_possible
3729,15826417,18,0.16666666666666666,0.16666666666666666,N,Not_Applicable(<30 pts),No_check_possible,No_check_possible,No_check_possible,No_check_possible,No_check_possible
3730,16366535,13,0.15384615384615385,0.15384615384615385,N,Not_Applicable(<30 pts),No_check_possible,No_check_possible,No_check_possible,No_check_possible,No_check_possible
3731,11594039,44,0.06818181818181818,0.09090909090909091,Y,0-40%,True,No_check_possible,No_check_possible,No_check_possible,No_check_possible
3732,42212508,16,0.125,0.125,N,Not_Applicable(<30 pts),No_check_possible,No_check_possible,No_check_possible,No_check_possible,No_check_possible
3733,11312202,17,0.17647058823529413,0.17647058823529413,N,Not_Applicable(<30 pts),No_check_possible,No_check_possible,No_check_possible,No_check_possible,No_check_possible
3734,100597356,17,0.17647058823529413,0.17647058823529413,N,Not_Applicable(<30 pts),No_check_possible,No_check_possible,No_check_possible,No_check_possible,No_check_possible
3735,11656910,3,0.6666666666666666,0.6666666666666666,N,Not_Applicable(<30 pts),No_check_possible,No_check_possible,No_check_possible,No_check_possible,No_check_possible
3736,42261832,18,0.1111111111111111,0.1111111111111111,N,Not_Applicable(<30 pts),No_check_possible,No_check_possible,No_check_possible,No_check_possible,No_check_possible
3737,102331244,39,0.10256410256410256,0.1282051282051282,Y,0-40%,True,No_check_possible,No_check_possible,No_check_possible,No_check_possible
3738,11655410,26,0.15384615384615385,1.1153846153846154,N,Not_Applicable(<30 pts),No_check_possible,No_check_possible,No_check_possible,No_check_possible,No_check_possible
3739,16153239,12,0.16666666666666666,0.3333333333333333,N,Not_Applicable(<30 pts),No_check_possible,No_check_possible,No_check_possible,No_check_possible,No_check_possible
3740,42133249,6,0.3333333333333333,0.5,N,Not_Applicable(<30 pts),No_check_possible,No_check_possible,No_check_possible,No_check_possible,No_check_possible
3741,101491091,35,0.05714285714285714,0.11428571428571428,Y,0-40%,True,No_check_possible,No_check_possible,No_check_possible,No_check_possible
3742,11560872,32,0.09375,0.09375,Y,0-40%,True,No_check_possible,No_check_possible,No_check_possible,No_check_possible
3743,101519572,10,0.2,0.2,N,Not_Applicable(<30 pts),No_check_possible,No_check_possible,No_check_possible,No_check_possible,No_check_possible
3744,11673415,27,0.07407407407407407,0.07407407407407407,N,Not_Applicable(<30 pts),No_check_possible,No_check_possible,No_check_possible,No_check_possible,No_check_possible
3745,11124514,35,0.08571428571428572,0.11428571428571428,Y,0-40%,True,No_check_possible,No_check_possible,No_check_possible,No_check_possible
3746,11685650,32,0.0625,0.0625,Y,0-40%,True,No_check_possible,No_check_possible,No_check_possible,No_check_possible
3747,11258299,8,0.25,0.25,N,Not_Applicable(<30 pts),No_check_possible,No_check_possible,No_check_possible,No_check_possible,No_check_possible
3748,11362309,36,0.05555555555555555,0.05555555555555555,Y,0-40%,True,No_check_possible,No_check_possible,No_check_possible,No_check_possible
3749,37458261,31,0.06451612903225806,0.06451612903225806,Y,0-40%,True,No_check_possible,No_check_possible,No_check_possible,No_check_possible
3750,102767127,2,0.5,0.5,N,Not_Applicable(<30 pts),No_check_possible,No_check_possible,No_check_possible,No_check_possible,No_check_possible
3751,11687701,36,0.1111111111111111,0.1111111111111111,Y,0-40%,True,No_check_possible,No_check_possible,No_check_possible,No_check_possible
3752,11848048,11,0.09090909090909091,0.09090909090909091,N,Not_Applicable(<30 pts),No_check_possible,No_check_possible,No_check_possible,No_check_possible,No_check_possible
3753,100462602,17,0.11764705882352941,0.11764705882352941,N,Not_Applicable(<30 pts),No_check_possible,No_check_possible,No_check_possible,No_check_possible,No_check_possible
3754,100462548,17,0.11764705882352941,0.11764705882352941,N,Not_Applicable(<30 pts),No_check_possible,No_check_possible,No_check_possible,No_check_possible,No_check_possible
3755,11299091,42,0.11904761904761904,0.11904761904761904,Y,0-40%,True,No_check_possible,No_check_possible,No_check_possible,No_check_possible
3756,102216945,15,0.06666666666666667,0.06666666666666667,N,Not_Applicable(<30 pts),No_check_possible,No_check_possible,No_check_possible,No_check_possible,No_check_possible
3757,102495877,5,0.4,0.8,N,Not_Applicable(<30 pts),No_check_possible,No_check_possible,No_check_possible,No_check_possible,No_check_possible
3758,100467646,32,0.0625,0.0625,Y,0-40%,True,No_check_possible,No_check_possible,No_check_possible,No_check_possible
3759,100672159,12,0.16666666666666666,0.16666666666666666,N,Not_Applicable(<30 pts),No_check_possible,No_check_possible,No_check_possible,No_check_possible,No_check_possible
3760,11251060,26,0.07692307692307693,0.07692307692307693,N,Not_Applicable(<30 pts),No_check_possible,No_check_possible,No_check_possible,No_check_possible,No_check_possible
3761,11309897,3,0.6666666666666666,0.6666666666666666,N,Not_Applicable(<30 pts),No_check_possible,No_check_possible,No_check_possible,No_check_possible,No_check_possible
3762,11581708,10,0.2,0.2,N,Not_Applicable(<30 pts),No_check_possible,No_check_possible,No_check_possible,No_check_possible,No_check_possible
3763,42210629,17,0.11764705882352941,0.11764705882352941,N,Not_Applicable(<30 pts),No_check_possible,No_check_possible,No_check_possible,No_check_possible,No_check_possible
3764,100804581,24,0.041666666666666664,0.4166666666666667,N,Not_Applicable(<30 pts),No_check_possible,No_check_possible,No_check_possible,No_check_possible,No_check_possible
3765,42226107,5,0.2,0.2,N,Not_Applicable(<30 pts),No_check_possible,No_check_possible,No_check_possible,No_check_possible,No_check_possible
3766,42154757,15,0.06666666666666667,0.06666666666666667,N,Not_Applicable(<30 pts),No_check_possible,No_check_possible,No_check_possible,No_check_possible,No_check_possible
3767,11560680,30,0.06666666666666667,0.06666666666666667,Y,0-40%,True,No_check_possible,No_check_possible,No_check_possible,No_check_possible
3768,11206525,33,0.06060606060606061,0.06060606060606061,Y,0-40%,True,No_check_possible,No_check_possible,No_check_possible,No_check_possible
3769,11693667,6,0.3333333333333333,0.3333333333333333,N,Not_Applicable(<30 pts),No_check_possible,No_check_possible,No_check_possible,No_check_possible,No_check_possible
3770,100767726,4,0.5,0.5,N,Not_Applicable(<30 pts),No_check_possible,No_check_possible,No_check_possible,No_check_possible,No_check_possible
3771,102412302,6,0.3333333333333333,0.3333333333333333,N,Not_Applicable(<30 pts),No_check_possible,No_check_possible,No_check_possible,No_check_possible,No_check_possible
3772,100561807,33,0.06060606060606061,0.06060606060606061,Y,0-40%,True,No_check_possible,No_check_possible,No_check_possible,No_check_possible
3773,11196831,41,0.04878048780487805,0.04878048780487805,Y,0-40%,True,No_check_possible,No_check_possible,No_check_possible,No_check_possible
3774,100083665,16,0.125,0.4375,N,Not_Applicable(<30 pts),No_check_possible,No_check_possible,No_check_possible,No_check_possible,No_check_possible
3775,102562860,35,0.14285714285714285,0.14285714285714285,Y,0-40%,True,No_check_possible,No_check_possible,No_check_possible,No_check_possible
3776,102630384,41,0.24390243902439024,0.6341463414634146,Y,0-40%,True,No_check_possible,No_check_possible,No_check_possible,No_check_possible
3777,104173716,27,0.14814814814814814,0.2222222222222222,N,Not_Applicable(<30 pts),No_check_possible,No_check_possible,No_check_possible,No_check_possible,No_check_possible
3778,37457728,42,0.07142857142857142,0.07142857142857142,Y,0-40%,True,No_check_possible,No_check_possible,No_check_possible,No_check_possible
3779,102280975,24,0.08333333333333333,0.20833333333333334,N,Not_Applicable(<30 pts),No_check_possible,No_check_possible,No_check_possible,No_check_possible,No_check_possible
3780,101821208,33,0.09090909090909091,0.09090909090909091,Y,0-40%,True,No_check_possible,No_check_possible,No_check_possible,No_check_possible
3781,100730134,26,0.038461538461538464,0.038461538461538464,N,Not_Applicable(<30 pts),No_check_possible,No_check_possible,No_check_possible,No_check_possible,No_check_possible
3782,16153151,42,0.09523809523809523,0.14285714285714285,Y,0-40%,True,No_check_possible,No_check_possible,No_check_possible,No_check_possible
3783,11340568,8,0.25,0.5,N,Not_Applicable(<30 pts),No_check_possible,No_check_possible,No_check_possible,No_check_possible,No_check_possible
3784,100618094,6,0.3333333333333333,0.3333333333333333,N,Not_Applicable(<30 pts),No_check_possible,No_check_possible,No_check_possible,No_check_possible,No_check_possible
3785,102808090,12,0.08333333333333333,0.08333333333333333,N,Not_Applicable(<30 pts),No_check_possible,No_check_possible,No_check_possible,No_check_possible,No_check_possible
3786,42221610,15,0.2,0.2,N,Not_Applicable(<30 pts),No_check_possible,No_check_possible,No_check_possible,No_check_possible,No_check_possible
3787,11297861,15,0.13333333333333333,0.13333333333333333,N,Not_Applicable(<30 pts),No_check_possible,No_check_possible,No_check_possible,No_check_possible,No_check_possible
3788,11145943,39,0.05128205128205128,0.1794871794871795,Y,0-40%,True,No_check_possible,No_check_possible,No_check_possible,No_check_possible
3789,11611640,30,0.13333333333333333,0.2,Y,0-40%,True,No_check_possible,No_check_possible,No_check_possible,No_check_possible
3790,11626973,10,0.2,0.2,N,Not_Applicable(<30 pts),No_check_possible,No_check_possible,No_check_possible,No_check_possible,No_check_possible
3791,11703121,38,0.05263157894736842,0.05263157894736842,Y,0-40%,True,No_check_possible,No_check_possible,No_check_possible,No_check_possible
3792,11712319,8,0.25,0.25,N,Not_Applicable(<30 pts),No_check_possible,No_check_possible,No_check_possible,No_check_possible,No_check_possible
3793,102584310,28,0.07142857142857142,0.10714285714285714,N,Not_Applicable(<30 pts),No_check_possible,No_check_possible,No_check_possible,No_check_possible,No_check_possible
3794,100804805,41,0.07317073170731707,0.14634146341463414,Y,0-40%,True,No_check_possible,No_check_possible,No_check_possible,No_check_possible
3795,37528898,35,0.05714285714285714,0.08571428571428572,Y,0-40%,True,No_check_possible,No_check_possible,No_check_possible,No_check_possible
3796,100785732,35,0.2571428571428571,0.4,Y,0-40%,True,No_check_possible,No_check_possible,No_check_possible,No_check_possible
3797,102747098,35,0.11428571428571428,0.14285714285714285,Y,0-40%,True,No_check_possible,No_check_possible,No_check_possible,No_check_possible
3798,102756295,7,0.2857142857142857,0.42857142857142855,N,Not_Applicable(<30 pts),No_check_possible,No_check_possible,No_check_possible,No_check_possible,No_check_possible
3799,102530190,31,0.06451612903225806,0.12903225806451613,Y,0-40%,True,No_check_possible,No_check_possible,No_check_possible,No_check_possible
3800,102529820,7,0.2857142857142857,0.42857142857142855,N,Not_Applicable(<30 pts),No_check_possible,No_check_possible,No_check_possible,No_check_possible,No_check_possible
3801,102738087,39,0.05128205128205128,0.10256410256410256,Y,0-40%,True,No_check_possible,No_check_possible,No_check_possible,No_check_possible
3802,102372588,35,0.05714285714285714,0.08571428571428572,Y,0-40%,True,No_check_possible,No_check_possible,No_check_possible,No_check_possible
3803,102571786,35,0.11428571428571428,0.14285714285714285,Y,0-40%,True,No_check_possible,No_check_possible,No_check_possible,No_check_possible
3804,102611050,27,0.1111111111111111,0.18518518518518517,N,Not_Applicable(<30 pts),No_check_possible,No_check_possible,No_check_possible,No_check_possible,No_check_possible
3805,102914464,33,0.12121212121212122,0.21212121212121213,Y,0-40%,True,No_check_possible,No_check_possible,No_check_possible,No_check_possible
3806,102059602,13,0.15384615384615385,0.15384615384615385,N,Not_Applicable(<30 pts),No_check_possible,No_check_possible,No_check_possible,No_check_possible,No_check_possible
3807,11653328,8,0.25,0.25,N,Not_Applicable(<30 pts),No_check_possible,No_check_possible,No_check_possible,No_check_possible,No_check_possible
3808,102818769,29,0.06896551724137931,0.06896551724137931,N,Not_Applicable(<30 pts),No_check_possible,No_check_possible,No_check_possible,No_check_possible,No_check_possible
3809,11294475,23,0.08695652173913043,0.13043478260869565,N,Not_Applicable(<30 pts),No_check_possible,No_check_possible,No_check_possible,No_check_possible,No_check_possible
3810,102757479,39,0.07692307692307693,0.10256410256410256,Y,0-40%,True,No_check_possible,No_check_possible,No_check_possible,No_check_possible
3811,102353748,13,0.15384615384615385,0.23076923076923078,N,Not_Applicable(<30 pts),No_check_possible,No_check_possible,No_check_possible,No_check_possible,No_check_possible
3812,100508745,5,0.6,0.8,N,Not_Applicable(<30 pts),No_check_possible,No_check_possible,No_check_possible,No_check_possible,No_check_possible
3813,11681397,11,0.18181818181818182,0.18181818181818182,N,Not_Applicable(<30 pts),No_check_possible,No_check_possible,No_check_possible,No_check_possible,No_check_possible
3814,101447471,35,0.05714285714285714,0.05714285714285714,Y,0-40%,True,No_check_possible,No_check_possible,No_check_possible,No_check_possible
3815,11076613,39,0.05128205128205128,0.10256410256410256,Y,0-40%,True,No_check_possible,No_check_possible,No_check_possible,No_check_possible
3816,101872154,13,0.15384615384615385,0.15384615384615385,N,Not_Applicable(<30 pts),No_check_possible,No_check_possible,No_check_possible,No_check_possible,No_check_possible
3817,15834619,10,0.2,0.2,N,Not_Applicable(<30 pts),No_check_possible,No_check_possible,No_check_possible,No_check_possible,No_check_possible
3818,11237754,3,0.6666666666666666,0.6666666666666666,N,Not_Applicable(<30 pts),No_check_possible,No_check_possible,No_check_possible,No_check_possible,No_check_possible
3819,520794,34,0.08823529411764706,1.088235294117647,Y,0-40%,True,No_check_possible,No_check_possible,No_check_possible,No_check_possible
3820,102552373,39,0.10256410256410256,0.10256410256410256,Y,0-40%,True,No_check_possible,No_check_possible,No_check_possible,No_check_possible
3821,100060837,27,0.07407407407407407,0.07407407407407407,N,Not_Applicable(<30 pts),No_check_possible,No_check_possible,No_check_possible,No_check_possible,No_check_possible
3822,11645701,12,0.16666666666666666,0.16666666666666666,N,Not_Applicable(<30 pts),No_check_possible,No_check_possible,No_check_possible,No_check_possible,No_check_possible
3823,102784737,37,0.08108108108108109,0.08108108108108109,Y,0-40%,True,No_check_possible,No_check_possible,No_check_possible,No_check_possible
3824,49074307,27,0.07407407407407407,0.07407407407407407,N,Not_Applicable(<30 pts),No_check_possible,No_check_possible,No_check_possible,No_check_possible,No_check_possible
3825,42210038,22,0.045454545454545456,0.045454545454545456,N,Not_Applicable(<30 pts),No_check_possible,No_check_possible,No_check_possible,No_check_possible,No_check_possible
3826,11377622,15,0.13333333333333333,0.13333333333333333,N,Not_Applicable(<30 pts),No_check_possible,No_check_possible,No_check_possible,No_check_possible,No_check_possible
3827,100577845,33,0.09090909090909091,0.09090909090909091,Y,0-40%,True,No_check_possible,No_check_possible,No_check_possible,No_check_possible
3828,101445718,9,0.2222222222222222,0.2222222222222222,N,Not_Applicable(<30 pts),No_check_possible,No_check_possible,No_check_possible,No_check_possible,No_check_possible
3829,100856024,6,0.3333333333333333,0.3333333333333333,N,Not_Applicable(<30 pts),No_check_possible,No_check_possible,No_check_possible,No_check_possible,No_check_possible
3830,11237700,28,0.07142857142857142,0.21428571428571427,N,Not_Applicable(<30 pts),No_check_possible,No_check_possible,No_check_possible,No_check_possible,No_check_possible
3831,102566122,8,0.125,0.25,N,Not_Applicable(<30 pts),No_check_possible,No_check_possible,No_check_possible,No_check_possible,No_check_possible
3832,102831537,37,0.2702702702702703,0.6216216216216216,Y,0-40%,True,No_check_possible,No_check_possible,No_check_possible,No_check_possible
3833,11608739,7,0.14285714285714285,0.14285714285714285,N,Not_Applicable(<30 pts),No_check_possible,No_check_possible,No_check_possible,No_check_possible,No_check_possible
3834,15386786,29,0.06896551724137931,0.06896551724137931,N,Not_Applicable(<30 pts),No_check_possible,No_check_possible,No_check_possible,No_check_possible,No_check_possible
3835,11559822,39,0.1282051282051282,0.1794871794871795,Y,0-40%,True,No_check_possible,No_check_possible,No_check_possible,No_check_possible
3836,11240182,12,0.16666666666666666,0.16666666666666666,N,Not_Applicable(<30 pts),No_check_possible,No_check_possible,No_check_possible,No_check_possible,No_check_possible
3837,102810405,36,0.1111111111111111,0.16666666666666666,Y,0-40%,True,No_check_possible,No_check_possible,No_check_possible,No_check_possible
3838,104185981,7,0.14285714285714285,0.2857142857142857,N,Not_Applicable(<30 pts),No_check_possible,No_check_possible,No_check_possible,No_check_possible,No_check_possible
3839,11209099,11,0.18181818181818182,0.18181818181818182,N,Not_Applicable(<30 pts),No_check_possible,No_check_possible,No_check_possible,No_check_possible,No_check_possible
3840,42225024,31,0.06451612903225806,0.06451612903225806,Y,0-40%,True,No_check_possible,No_check_possible,No_check_possible,No_check_possible
3841,100171222,38,0.05263157894736842,0.10526315789473684,Y,0-40%,True,No_check_possible,No_check_possible,No_check_possible,No_check_possible
3842,102535597,38,0.07894736842105263,0.10526315789473684,Y,0-40%,True,No_check_possible,No_check_possible,No_check_possible,No_check_possible
3843,42237729,10,0.2,0.3,N,Not_Applicable(<30 pts),No_check_possible,No_check_possible,No_check_possible,No_check_possible,No_check_possible
3844,16145876,26,0.07692307692307693,0.11538461538461539,N,Not_Applicable(<30 pts),No_check_possible,No_check_possible,No_check_possible,No_check_possible,No_check_possible
3845,16145520,6,0.3333333333333333,0.3333333333333333,N,Not_Applicable(<30 pts),No_check_possible,No_check_possible,No_check_possible,No_check_possible,No_check_possible
3846,42213027,13,0.23076923076923078,0.3076923076923077,N,Not_Applicable(<30 pts),No_check_possible,No_check_possible,No_check_possible,No_check_possible,No_check_possible
3847,42076894,14,0.14285714285714285,0.14285714285714285,N,Not_Applicable(<30 pts),No_check_possible,No_check_possible,No_check_possible,No_check_possible,No_check_possible
3848,11635977,3,0.6666666666666666,0.6666666666666666,N,Not_Applicable(<30 pts),No_check_possible,No_check_possible,No_check_possible,No_check_possible,No_check_possible
3849,102155086,15,0.13333333333333333,0.13333333333333333,N,Not_Applicable(<30 pts),No_check_possible,No_check_possible,No_check_possible,No_check_possible,No_check_possible
3850,16153281,45,0.1111111111111111,0.26666666666666666,Y,0-40%,True,No_check_possible,No_check_possible,No_check_possible,No_check_possible
3851,16248872,24,0.16666666666666666,0.4583333333333333,N,Not_Applicable(<30 pts),No_check_possible,No_check_possible,No_check_possible,No_check_possible,No_check_possible
3852,42210437,32,0.09375,0.1875,Y,0-40%,True,No_check_possible,No_check_possible,No_check_possible,No_check_possible
3853,102182069,4,0.25,0.25,N,Not_Applicable(<30 pts),No_check_possible,No_check_possible,No_check_possible,No_check_possible,No_check_possible
3854,102186624,4,0.25,0.5,N,Not_Applicable(<30 pts),No_check_possible,No_check_possible,No_check_possible,No_check_possible,No_check_possible
3855,102565666,23,0.17391304347826086,0.21739130434782608,N,Not_Applicable(<30 pts),No_check_possible,No_check_possible,No_check_possible,No_check_possible,No_check_possible
3856,11378861,36,0.1388888888888889,0.1388888888888889,Y,0-40%,True,No_check_possible,No_check_possible,No_check_possible,No_check_possible
3857,101847788,33,0.06060606060606061,0.06060606060606061,Y,0-40%,True,No_check_possible,No_check_possible,No_check_possible,No_check_possible
3858,15736105,37,0.05405405405405406,0.05405405405405406,Y,0-40%,True,No_check_possible,No_check_possible,No_check_possible,No_check_possible
3859,11144762,20,0.1,0.1,N,Not_Applicable(<30 pts),No_check_possible,No_check_possible,No_check_possible,No_check_possible,No_check_possible
3860,100861944,14,0.14285714285714285,0.14285714285714285,N,Not_Applicable(<30 pts),No_check_possible,No_check_possible,No_check_possible,No_check_possible,No_check_possible
3861,102899151,38,0.13157894736842105,0.18421052631578946,Y,0-40%,True,No_check_possible,No_check_possible,No_check_possible,No_check_possible
3862,42217075,10,0.3,0.3,N,Not_Applicable(<30 pts),No_check_possible,No_check_possible,No_check_possible,No_check_possible,No_check_possible
3863,16302449,21,0.09523809523809523,0.09523809523809523,N,Not_Applicable(<30 pts),No_check_possible,No_check_possible,No_check_possible,No_check_possible,No_check_possible
3864,102807958,11,0.09090909090909091,0.09090909090909091,N,Not_Applicable(<30 pts),No_check_possible,No_check_possible,No_check_possible,No_check_possible,No_check_possible
3865,100663189,34,0.08823529411764706,0.11764705882352941,Y,0-40%,True,No_check_possible,No_check_possible,No_check_possible,No_check_possible
3866,42223932,38,0.10526315789473684,0.10526315789473684,Y,0-40%,True,No_check_possible,No_check_possible,No_check_possible,No_check_possible
3867,100556035,27,0.07407407407407407,0.07407407407407407,N,Not_Applicable(<30 pts),No_check_possible,No_check_possible,No_check_possible,No_check_possible,No_check_possible
3868,11295304,30,0.06666666666666667,0.06666666666666667,Y,0-40%,True,No_check_possible,No_check_possible,No_check_possible,No_check_possible
3869,42123893,28,0.07142857142857142,0.07142857142857142,N,Not_Applicable(<30 pts),No_check_possible,No_check_possible,No_check_possible,No_check_possible,No_check_possible
3870,42144224,5,0.2,0.2,N,Not_Applicable(<30 pts),No_check_possible,No_check_possible,No_check_possible,No_check_possible,No_check_possible
3871,100803925,14,0.21428571428571427,0.21428571428571427,N,Not_Applicable(<30 pts),No_check_possible,No_check_possible,No_check_possible,No_check_possible,No_check_possible
3872,100472648,8,0.125,0.125,N,Not_Applicable(<30 pts),No_check_possible,No_check_possible,No_check_possible,No_check_possible,No_check_possible
3873,100431819,14,0.07142857142857142,0.07142857142857142,N,Not_Applicable(<30 pts),No_check_possible,No_check_possible,No_check_possible,No_check_possible,No_check_possible
3874,49106774,28,0.07142857142857142,0.07142857142857142,N,Not_Applicable(<30 pts),No_check_possible,No_check_possible,No_check_possible,No_check_possible,No_check_possible
3875,42148471,5,0.4,2.2,N,Not_Applicable(<30 pts),No_check_possible,No_check_possible,No_check_possible,No_check_possible,No_check_possible
3876,12324338,28,0.10714285714285714,0.14285714285714285,N,Not_Applicable(<30 pts),No_check_possible,No_check_possible,No_check_possible,No_check_possible,No_check_possible
3877,11686597,25,0.08,0.12,N,Not_Applicable(<30 pts),No_check_possible,No_check_possible,No_check_possible,No_check_possible,No_check_possible
3878,15830121,27,0.07407407407407407,0.07407407407407407,N,Not_Applicable(<30 pts),No_check_possible,No_check_possible,No_check_possible,No_check_possible,No_check_possible
3879,11152095,36,0.05555555555555555,0.05555555555555555,Y,0-40%,True,No_check_possible,No_check_possible,No_check_possible,No_check_possible
3880,102895887,47,0.2978723404255319,5.957446808510638,Y,0-40%,True,No_check_possible,No_check_possible,No_check_possible,No_check_possible
3881,12600024,3,0.6666666666666666,0.6666666666666666,N,Not_Applicable(<30 pts),No_check_possible,No_check_possible,No_check_possible,No_check_possible,No_check_possible
3882,11448178,14,0.35714285714285715,0.35714285714285715,N,Not_Applicable(<30 pts),No_check_possible,No_check_possible,No_check_possible,No_check_possible,No_check_possible
3883,104191256,32,0.125,0.125,Y,0-40%,True,No_check_possible,No_check_possible,No_check_possible,No_check_possible
3884,104183161,33,0.12121212121212122,0.12121212121212122,Y,0-40%,True,No_check_possible,No_check_possible,No_check_possible,No_check_possible
3885,100862695,27,0.07407407407407407,0.07407407407407407,N,Not_Applicable(<30 pts),No_check_possible,No_check_possible,No_check_possible,No_check_possible,No_check_possible
3886,102819244,37,0.3783783783783784,0.5945945945945946,Y,0-40%,True,No_check_possible,No_check_possible,No_check_possible,No_check_possible
3887,11679249,38,0.05263157894736842,0.10526315789473684,Y,0-40%,True,No_check_possible,No_check_possible,No_check_possible,No_check_possible
3888,11227913,20,0.15,0.15,N,Not_Applicable(<30 pts),No_check_possible,No_check_possible,No_check_possible,No_check_possible,No_check_possible
3889,102584044,23,0.043478260869565216,0.043478260869565216,N,Not_Applicable(<30 pts),No_check_possible,No_check_possible,No_check_possible,No_check_possible,No_check_possible
3890,11692028,29,0.06896551724137931,0.13793103448275862,N,Not_Applicable(<30 pts),No_check_possible,No_check_possible,No_check_possible,No_check_possible,No_check_possible
3891,16071137,24,0.08333333333333333,0.08333333333333333,N,Not_Applicable(<30 pts),No_check_possible,No_check_possible,No_check_possible,No_check_possible,No_check_possible
3892,16181314,40,0.05,0.05,Y,0-40%,True,No_check_possible,No_check_possible,No_check_possible,No_check_possible
3893,41987041,13,0.15384615384615385,0.15384615384615385,N,Not_Applicable(<30 pts),No_check_possible,No_check_possible,No_check_possible,No_check_possible,No_check_possible
3894,100711380,19,0.10526315789473684,0.10526315789473684,N,Not_Applicable(<30 pts),No_check_possible,No_check_possible,No_check_possible,No_check_possible,No_check_possible
3895,102809759,38,0.2631578947368421,3.6315789473684212,Y,0-40%,False,trend-non-stationary,2,seasonal_non_stationary,1
3896,102497519,36,0.08333333333333333,0.08333333333333333,Y,0-40%,True,No_check_possible,No_check_possible,No_check_possible,No_check_possible
3897,102151617,27,0.07407407407407407,0.07407407407407407,N,Not_Applicable(<30 pts),No_check_possible,No_check_possible,No_check_possible,No_check_possible,No_check_possible
3898,37458915,22,0.09090909090909091,0.09090909090909091,N,Not_Applicable(<30 pts),No_check_possible,No_check_possible,No_check_possible,No_check_possible,No_check_possible
3899,42254817,13,0.15384615384615385,0.15384615384615385,N,Not_Applicable(<30 pts),No_check_possible,No_check_possible,No_check_possible,No_check_possible,No_check_possible
3900,102534380,21,0.14285714285714285,0.14285714285714285,N,Not_Applicable(<30 pts),No_check_possible,No_check_possible,No_check_possible,No_check_possible,No_check_possible
3901,101947209,5,0.2,0.2,N,Not_Applicable(<30 pts),No_check_possible,No_check_possible,No_check_possible,No_check_possible,No_check_possible
3902,100580283,35,0.08571428571428572,0.14285714285714285,Y,0-40%,True,No_check_possible,No_check_possible,No_check_possible,No_check_possible
3903,100618258,21,0.047619047619047616,0.047619047619047616,N,Not_Applicable(<30 pts),No_check_possible,No_check_possible,No_check_possible,No_check_possible,No_check_possible
3904,21917412,28,0.07142857142857142,0.07142857142857142,N,Not_Applicable(<30 pts),No_check_possible,No_check_possible,No_check_possible,No_check_possible,No_check_possible
3905,42154125,21,0.14285714285714285,0.23809523809523808,N,Not_Applicable(<30 pts),No_check_possible,No_check_possible,No_check_possible,No_check_possible,No_check_possible
3906,16570870,5,0.4,0.8,N,Not_Applicable(<30 pts),No_check_possible,No_check_possible,No_check_possible,No_check_possible,No_check_possible
3907,16580700,5,0.4,0.8,N,Not_Applicable(<30 pts),No_check_possible,No_check_possible,No_check_possible,No_check_possible,No_check_possible
3908,42307671,3,0.6666666666666666,0.6666666666666666,N,Not_Applicable(<30 pts),No_check_possible,No_check_possible,No_check_possible,No_check_possible,No_check_possible
3909,102571856,7,0.2857142857142857,0.2857142857142857,N,Not_Applicable(<30 pts),No_check_possible,No_check_possible,No_check_possible,No_check_possible,No_check_possible
3910,100660630,32,0.0625,0.09375,Y,0-40%,True,No_check_possible,No_check_possible,No_check_possible,No_check_possible
3911,102143215,24,0.041666666666666664,0.041666666666666664,N,Not_Applicable(<30 pts),No_check_possible,No_check_possible,No_check_possible,No_check_possible,No_check_possible
3912,42227900,29,0.06896551724137931,0.06896551724137931,N,Not_Applicable(<30 pts),No_check_possible,No_check_possible,No_check_possible,No_check_possible,No_check_possible
3913,102632799,38,0.10526315789473684,0.10526315789473684,Y,0-40%,True,No_check_possible,No_check_possible,No_check_possible,No_check_possible
3914,102318287,29,0.2413793103448276,1.3448275862068966,N,Not_Applicable(<30 pts),No_check_possible,No_check_possible,No_check_possible,No_check_possible,No_check_possible
3915,102891670,37,0.10810810810810811,0.16216216216216217,Y,0-40%,True,No_check_possible,No_check_possible,No_check_possible,No_check_possible
3916,100735160,36,0.1111111111111111,0.1111111111111111,Y,0-40%,True,No_check_possible,No_check_possible,No_check_possible,No_check_possible
3917,101837051,20,0.05,0.05,N,Not_Applicable(<30 pts),No_check_possible,No_check_possible,No_check_possible,No_check_possible,No_check_possible
3918,100641267,6,0.5,1.0,N,Not_Applicable(<30 pts),No_check_possible,No_check_possible,No_check_possible,No_check_possible,No_check_possible
3919,11651588,20,0.2,0.25,N,Not_Applicable(<30 pts),No_check_possible,No_check_possible,No_check_possible,No_check_possible,No_check_possible
3920,11246200,31,0.06451612903225806,0.06451612903225806,Y,0-40%,True,No_check_possible,No_check_possible,No_check_possible,No_check_possible
3921,102117128,7,0.2857142857142857,0.2857142857142857,N,Not_Applicable(<30 pts),No_check_possible,No_check_possible,No_check_possible,No_check_possible,No_check_possible
3922,100206145,19,0.10526315789473684,0.15789473684210525,N,Not_Applicable(<30 pts),No_check_possible,No_check_possible,No_check_possible,No_check_possible,No_check_possible
3923,11657032,31,0.06451612903225806,0.0967741935483871,Y,0-40%,True,No_check_possible,No_check_possible,No_check_possible,No_check_possible
3924,102810652,30,0.06666666666666667,0.06666666666666667,Y,0-40%,True,No_check_possible,No_check_possible,No_check_possible,No_check_possible
3925,102833873,30,0.06666666666666667,0.06666666666666667,Y,0-40%,True,No_check_possible,No_check_possible,No_check_possible,No_check_possible
3926,102494515,30,0.06666666666666667,0.06666666666666667,Y,0-40%,True,No_check_possible,No_check_possible,No_check_possible,No_check_possible
3927,102494410,31,0.06451612903225806,0.06451612903225806,Y,0-40%,True,No_check_possible,No_check_possible,No_check_possible,No_check_possible
3928,102494421,31,0.06451612903225806,0.06451612903225806,Y,0-40%,True,No_check_possible,No_check_possible,No_check_possible,No_check_possible
3929,102866523,9,0.2222222222222222,0.3333333333333333,N,Not_Applicable(<30 pts),No_check_possible,No_check_possible,No_check_possible,No_check_possible,No_check_possible
3930,102578959,28,0.07142857142857142,0.14285714285714285,N,Not_Applicable(<30 pts),No_check_possible,No_check_possible,No_check_possible,No_check_possible,No_check_possible
3931,102819089,32,0.0625,0.125,Y,0-40%,True,No_check_possible,No_check_possible,No_check_possible,No_check_possible
3932,102983427,30,0.06666666666666667,0.1,Y,0-40%,True,No_check_possible,No_check_possible,No_check_possible,No_check_possible
3933,102408204,29,0.06896551724137931,0.10344827586206896,N,Not_Applicable(<30 pts),No_check_possible,No_check_possible,No_check_possible,No_check_possible,No_check_possible
3934,102899087,19,0.15789473684210525,0.21052631578947367,N,Not_Applicable(<30 pts),No_check_possible,No_check_possible,No_check_possible,No_check_possible,No_check_possible
3935,37459655,3,0.6666666666666666,23.333333333333332,N,Not_Applicable(<30 pts),No_check_possible,No_check_possible,No_check_possible,No_check_possible,No_check_possible
3936,49141227,35,0.14285714285714285,0.2,Y,0-40%,True,No_check_possible,No_check_possible,No_check_possible,No_check_possible
3937,15713368,6,0.3333333333333333,0.3333333333333333,N,Not_Applicable(<30 pts),No_check_possible,No_check_possible,No_check_possible,No_check_possible,No_check_possible
3938,101935840,36,0.1388888888888889,0.1388888888888889,Y,0-40%,True,No_check_possible,No_check_possible,No_check_possible,No_check_possible
3939,102299970,29,0.06896551724137931,0.10344827586206896,N,Not_Applicable(<30 pts),No_check_possible,No_check_possible,No_check_possible,No_check_possible,No_check_possible
3940,11329775,21,0.09523809523809523,0.09523809523809523,N,Not_Applicable(<30 pts),No_check_possible,No_check_possible,No_check_possible,No_check_possible,No_check_possible
3941,100461314,21,0.09523809523809523,0.14285714285714285,N,Not_Applicable(<30 pts),No_check_possible,No_check_possible,No_check_possible,No_check_possible,No_check_possible
3942,102542463,34,0.058823529411764705,0.058823529411764705,Y,0-40%,True,No_check_possible,No_check_possible,No_check_possible,No_check_possible
3943,102523256,25,0.08,0.08,N,Not_Applicable(<30 pts),No_check_possible,No_check_possible,No_check_possible,No_check_possible,No_check_possible
3944,11065067,37,0.08108108108108109,0.08108108108108109,Y,0-40%,True,No_check_possible,No_check_possible,No_check_possible,No_check_possible
3945,11459000,37,0.05405405405405406,0.05405405405405406,Y,0-40%,True,No_check_possible,No_check_possible,No_check_possible,No_check_possible
3946,100366096,18,0.1111111111111111,0.1111111111111111,N,Not_Applicable(<30 pts),No_check_possible,No_check_possible,No_check_possible,No_check_possible,No_check_possible
3947,102543891,7,0.2857142857142857,0.2857142857142857,N,Not_Applicable(<30 pts),No_check_possible,No_check_possible,No_check_possible,No_check_possible,No_check_possible
3948,16304828,7,0.2857142857142857,0.42857142857142855,N,Not_Applicable(<30 pts),No_check_possible,No_check_possible,No_check_possible,No_check_possible,No_check_possible
3949,11472168,26,0.07692307692307693,0.15384615384615385,N,Not_Applicable(<30 pts),No_check_possible,No_check_possible,No_check_possible,No_check_possible,No_check_possible
3950,102877924,6,0.3333333333333333,0.3333333333333333,N,Not_Applicable(<30 pts),No_check_possible,No_check_possible,No_check_possible,No_check_possible,No_check_possible
3951,11706294,11,0.18181818181818182,0.18181818181818182,N,Not_Applicable(<30 pts),No_check_possible,No_check_possible,No_check_possible,No_check_possible,No_check_possible
3952,37529251,33,0.15151515151515152,0.15151515151515152,Y,0-40%,True,No_check_possible,No_check_possible,No_check_possible,No_check_possible
3953,102096656,3,0.6666666666666666,0.6666666666666666,N,Not_Applicable(<30 pts),No_check_possible,No_check_possible,No_check_possible,No_check_possible,No_check_possible
3954,100862459,36,0.05555555555555555,0.08333333333333333,Y,0-40%,True,No_check_possible,No_check_possible,No_check_possible,No_check_possible
3955,102529992,32,0.09375,0.15625,Y,0-40%,True,No_check_possible,No_check_possible,No_check_possible,No_check_possible
3956,11666407,28,0.07142857142857142,0.07142857142857142,N,Not_Applicable(<30 pts),No_check_possible,No_check_possible,No_check_possible,No_check_possible,No_check_possible
3957,37458648,35,0.05714285714285714,0.05714285714285714,Y,0-40%,True,No_check_possible,No_check_possible,No_check_possible,No_check_possible
3958,100641032,36,0.05555555555555555,0.25,Y,0-40%,True,No_check_possible,No_check_possible,No_check_possible,No_check_possible
3959,100577840,35,0.05714285714285714,0.08571428571428572,Y,0-40%,True,No_check_possible,No_check_possible,No_check_possible,No_check_possible
3960,102986074,36,0.05555555555555555,0.05555555555555555,Y,0-40%,True,No_check_possible,No_check_possible,No_check_possible,No_check_possible
3961,11075848,6,0.3333333333333333,0.3333333333333333,N,Not_Applicable(<30 pts),No_check_possible,No_check_possible,No_check_possible,No_check_possible,No_check_possible
3962,11659955,22,0.18181818181818182,0.18181818181818182,N,Not_Applicable(<30 pts),No_check_possible,No_check_possible,No_check_possible,No_check_possible,No_check_possible
3963,11058748,10,0.2,0.2,N,Not_Applicable(<30 pts),No_check_possible,No_check_possible,No_check_possible,No_check_possible,No_check_possible
3964,42151733,27,0.1111111111111111,0.1111111111111111,N,Not_Applicable(<30 pts),No_check_possible,No_check_possible,No_check_possible,No_check_possible,No_check_possible
3965,11584030,3,0.6666666666666666,0.6666666666666666,N,Not_Applicable(<30 pts),No_check_possible,No_check_possible,No_check_possible,No_check_possible,No_check_possible
3966,42268341,18,0.2222222222222222,0.5,N,Not_Applicable(<30 pts),No_check_possible,No_check_possible,No_check_possible,No_check_possible,No_check_possible
3967,100570803,18,0.1111111111111111,0.1111111111111111,N,Not_Applicable(<30 pts),No_check_possible,No_check_possible,No_check_possible,No_check_possible,No_check_possible
3968,102745974,34,0.058823529411764705,0.058823529411764705,Y,0-40%,True,No_check_possible,No_check_possible,No_check_possible,No_check_possible
3969,11521792,18,0.1111111111111111,0.1111111111111111,N,Not_Applicable(<30 pts),No_check_possible,No_check_possible,No_check_possible,No_check_possible,No_check_possible
3970,11700645,25,0.04,0.04,N,Not_Applicable(<30 pts),No_check_possible,No_check_possible,No_check_possible,No_check_possible,No_check_possible
3971,11592669,32,0.0625,0.0625,Y,0-40%,True,No_check_possible,No_check_possible,No_check_possible,No_check_possible
3972,42149129,27,0.07407407407407407,0.07407407407407407,N,Not_Applicable(<30 pts),No_check_possible,No_check_possible,No_check_possible,No_check_possible,No_check_possible
3973,100394081,4,0.5,0.5,N,Not_Applicable(<30 pts),No_check_possible,No_check_possible,No_check_possible,No_check_possible,No_check_possible
3974,49049285,8,0.375,0.5,N,Not_Applicable(<30 pts),No_check_possible,No_check_possible,No_check_possible,No_check_possible,No_check_possible
3975,15735037,20,0.1,0.1,N,Not_Applicable(<30 pts),No_check_possible,No_check_possible,No_check_possible,No_check_possible,No_check_possible
3976,102775226,25,0.12,0.16,N,Not_Applicable(<30 pts),No_check_possible,No_check_possible,No_check_possible,No_check_possible,No_check_possible
3977,101957294,25,0.04,2.0,N,Not_Applicable(<30 pts),No_check_possible,No_check_possible,No_check_possible,No_check_possible,No_check_possible
3978,102155148,3,0.6666666666666666,0.6666666666666666,N,Not_Applicable(<30 pts),No_check_possible,No_check_possible,No_check_possible,No_check_possible,No_check_possible
3979,12338580,4,0.5,0.5,N,Not_Applicable(<30 pts),No_check_possible,No_check_possible,No_check_possible,No_check_possible,No_check_possible
3980,102749705,5,0.4,0.4,N,Not_Applicable(<30 pts),No_check_possible,No_check_possible,No_check_possible,No_check_possible,No_check_possible
3981,11254218,21,0.09523809523809523,0.09523809523809523,N,Not_Applicable(<30 pts),No_check_possible,No_check_possible,No_check_possible,No_check_possible,No_check_possible
3982,15259700,24,0.08333333333333333,0.25,N,Not_Applicable(<30 pts),No_check_possible,No_check_possible,No_check_possible,No_check_possible,No_check_possible
3983,100555426,4,0.5,0.5,N,Not_Applicable(<30 pts),No_check_possible,No_check_possible,No_check_possible,No_check_possible,No_check_possible
3984,100834901,26,0.038461538461538464,0.038461538461538464,N,Not_Applicable(<30 pts),No_check_possible,No_check_possible,No_check_possible,No_check_possible,No_check_possible
3985,16153191,34,0.058823529411764705,0.058823529411764705,Y,0-40%,True,No_check_possible,No_check_possible,No_check_possible,No_check_possible
3986,11668924,19,0.05263157894736842,0.05263157894736842,N,Not_Applicable(<30 pts),No_check_possible,No_check_possible,No_check_possible,No_check_possible,No_check_possible
3987,42143068,20,0.1,0.2,N,Not_Applicable(<30 pts),No_check_possible,No_check_possible,No_check_possible,No_check_possible,No_check_possible
3988,11298460,30,0.06666666666666667,0.06666666666666667,Y,0-40%,True,No_check_possible,No_check_possible,No_check_possible,No_check_possible
3989,100150395,30,0.06666666666666667,0.06666666666666667,Y,0-40%,True,No_check_possible,No_check_possible,No_check_possible,No_check_possible
3990,100422696,36,0.05555555555555555,0.08333333333333333,Y,0-40%,True,No_check_possible,No_check_possible,No_check_possible,No_check_possible
3991,102882854,17,0.11764705882352941,0.23529411764705882,N,Not_Applicable(<30 pts),No_check_possible,No_check_possible,No_check_possible,No_check_possible,No_check_possible
3992,11132347,16,0.125,0.125,N,Not_Applicable(<30 pts),No_check_possible,No_check_possible,No_check_possible,No_check_possible,No_check_possible
3993,102591941,7,0.2857142857142857,0.2857142857142857,N,Not_Applicable(<30 pts),No_check_possible,No_check_possible,No_check_possible,No_check_possible,No_check_possible
3994,42133307,7,0.2857142857142857,0.2857142857142857,N,Not_Applicable(<30 pts),No_check_possible,No_check_possible,No_check_possible,No_check_possible,No_check_possible
3995,42307342,33,0.12121212121212122,0.18181818181818182,Y,0-40%,True,No_check_possible,No_check_possible,No_check_possible,No_check_possible
3996,102568037,21,0.09523809523809523,0.09523809523809523,N,Not_Applicable(<30 pts),No_check_possible,No_check_possible,No_check_possible,No_check_possible,No_check_possible
3997,11661173,34,0.058823529411764705,0.058823529411764705,Y,0-40%,True,No_check_possible,No_check_possible,No_check_possible,No_check_possible
3998,15257790,9,0.2222222222222222,0.2222222222222222,N,Not_Applicable(<30 pts),No_check_possible,No_check_possible,No_check_possible,No_check_possible,No_check_possible
3999,15728597,36,0.05555555555555555,0.05555555555555555,Y,0-40%,True,No_check_possible,No_check_possible,No_check_possible,No_check_possible
4000,11363714,29,0.06896551724137931,0.06896551724137931,N,Not_Applicable(<30 pts),No_check_possible,No_check_possible,No_check_possible,No_check_possible,No_check_possible
4001,11075912,19,0.15789473684210525,0.3157894736842105,N,Not_Applicable(<30 pts),No_check_possible,No_check_possible,No_check_possible,No_check_possible,No_check_possible
4002,41958243,21,0.047619047619047616,11.904761904761905,N,Not_Applicable(<30 pts),No_check_possible,No_check_possible,No_check_possible,No_check_possible,No_check_possible
4003,41958244,21,0.047619047619047616,7.142857142857143,N,Not_Applicable(<30 pts),No_check_possible,No_check_possible,No_check_possible,No_check_possible,No_check_possible
4004,100029814,3,0.6666666666666666,1.0,N,Not_Applicable(<30 pts),No_check_possible,No_check_possible,No_check_possible,No_check_possible,No_check_possible
4005,42204625,6,0.3333333333333333,0.3333333333333333,N,Not_Applicable(<30 pts),No_check_possible,No_check_possible,No_check_possible,No_check_possible,No_check_possible
4006,11683704,9,0.2222222222222222,0.2222222222222222,N,Not_Applicable(<30 pts),No_check_possible,No_check_possible,No_check_possible,No_check_possible,No_check_possible
4007,102590250,6,0.16666666666666666,0.3333333333333333,N,Not_Applicable(<30 pts),No_check_possible,No_check_possible,No_check_possible,No_check_possible,No_check_possible
4008,15785216,32,0.0625,0.0625,Y,0-40%,True,No_check_possible,No_check_possible,No_check_possible,No_check_possible
4009,15960367,15,0.13333333333333333,0.13333333333333333,N,Not_Applicable(<30 pts),No_check_possible,No_check_possible,No_check_possible,No_check_possible,No_check_possible
4010,11290641,9,0.2222222222222222,0.2222222222222222,N,Not_Applicable(<30 pts),No_check_possible,No_check_possible,No_check_possible,No_check_possible,No_check_possible
4011,42150593,6,0.5,0.5,N,Not_Applicable(<30 pts),No_check_possible,No_check_possible,No_check_possible,No_check_possible,No_check_possible
4012,102490090,28,0.10714285714285714,0.10714285714285714,N,Not_Applicable(<30 pts),No_check_possible,No_check_possible,No_check_possible,No_check_possible,No_check_possible
4013,102611254,5,0.2,0.4,N,Not_Applicable(<30 pts),No_check_possible,No_check_possible,No_check_possible,No_check_possible,No_check_possible
4014,11042456,32,0.0625,0.0625,Y,0-40%,True,No_check_possible,No_check_possible,No_check_possible,No_check_possible
4015,102182375,2,0.5,0.5,N,Not_Applicable(<30 pts),No_check_possible,No_check_possible,No_check_possible,No_check_possible,No_check_possible
4016,11673342,18,0.16666666666666666,0.2777777777777778,N,Not_Applicable(<30 pts),No_check_possible,No_check_possible,No_check_possible,No_check_possible,No_check_possible
4017,100080286,28,0.14285714285714285,0.17857142857142858,N,Not_Applicable(<30 pts),No_check_possible,No_check_possible,No_check_possible,No_check_possible,No_check_possible
4018,101486299,33,0.15151515151515152,0.18181818181818182,Y,0-40%,True,No_check_possible,No_check_possible,No_check_possible,No_check_possible
4019,100493972,32,0.09375,0.09375,Y,0-40%,True,No_check_possible,No_check_possible,No_check_possible,No_check_possible
4020,102590086,15,0.26666666666666666,0.8,N,Not_Applicable(<30 pts),No_check_possible,No_check_possible,No_check_possible,No_check_possible,No_check_possible
4021,14426899,6,0.3333333333333333,0.3333333333333333,N,Not_Applicable(<30 pts),No_check_possible,No_check_possible,No_check_possible,No_check_possible,No_check_possible
4022,100764678,26,0.11538461538461539,0.11538461538461539,N,Not_Applicable(<30 pts),No_check_possible,No_check_possible,No_check_possible,No_check_possible,No_check_possible
4023,101957932,4,0.25,0.25,N,Not_Applicable(<30 pts),No_check_possible,No_check_possible,No_check_possible,No_check_possible,No_check_possible
4024,102583573,7,0.2857142857142857,0.2857142857142857,N,Not_Applicable(<30 pts),No_check_possible,No_check_possible,No_check_possible,No_check_possible,No_check_possible
4025,102799274,29,0.06896551724137931,0.1724137931034483,N,Not_Applicable(<30 pts),No_check_possible,No_check_possible,No_check_possible,No_check_possible,No_check_possible
4026,11653785,26,0.11538461538461539,0.11538461538461539,N,Not_Applicable(<30 pts),No_check_possible,No_check_possible,No_check_possible,No_check_possible,No_check_possible
4027,15602106,5,0.4,0.4,N,Not_Applicable(<30 pts),No_check_possible,No_check_possible,No_check_possible,No_check_possible,No_check_possible
4028,100862683,34,0.058823529411764705,0.17647058823529413,Y,0-40%,True,No_check_possible,No_check_possible,No_check_possible,No_check_possible
4029,100663795,24,0.08333333333333333,0.16666666666666666,N,Not_Applicable(<30 pts),No_check_possible,No_check_possible,No_check_possible,No_check_possible,No_check_possible
4030,100804085,6,0.3333333333333333,0.3333333333333333,N,Not_Applicable(<30 pts),No_check_possible,No_check_possible,No_check_possible,No_check_possible,No_check_possible
4031,102921092,32,0.28125,0.65625,Y,0-40%,True,No_check_possible,No_check_possible,No_check_possible,No_check_possible
4032,102891652,14,0.14285714285714285,0.14285714285714285,N,Not_Applicable(<30 pts),No_check_possible,No_check_possible,No_check_possible,No_check_possible,No_check_possible
4033,11709430,5,0.2,0.2,N,Not_Applicable(<30 pts),No_check_possible,No_check_possible,No_check_possible,No_check_possible,No_check_possible
4034,25013640,27,0.18518518518518517,0.18518518518518517,N,Not_Applicable(<30 pts),No_check_possible,No_check_possible,No_check_possible,No_check_possible,No_check_possible
4035,102817270,21,0.09523809523809523,0.14285714285714285,N,Not_Applicable(<30 pts),No_check_possible,No_check_possible,No_check_possible,No_check_possible,No_check_possible
4036,102579277,25,0.08,0.12,N,Not_Applicable(<30 pts),No_check_possible,No_check_possible,No_check_possible,No_check_possible,No_check_possible
4037,102547255,18,0.16666666666666666,0.2222222222222222,N,Not_Applicable(<30 pts),No_check_possible,No_check_possible,No_check_possible,No_check_possible,No_check_possible
4038,102854827,26,0.07692307692307693,0.11538461538461539,N,Not_Applicable(<30 pts),No_check_possible,No_check_possible,No_check_possible,No_check_possible,No_check_possible
4039,102875355,19,0.10526315789473684,0.15789473684210525,N,Not_Applicable(<30 pts),No_check_possible,No_check_possible,No_check_possible,No_check_possible,No_check_possible
4040,102559554,30,0.13333333333333333,0.2,Y,0-40%,True,No_check_possible,No_check_possible,No_check_possible,No_check_possible
4041,104299166,19,0.10526315789473684,0.15789473684210525,N,Not_Applicable(<30 pts),No_check_possible,No_check_possible,No_check_possible,No_check_possible,No_check_possible
4042,102784524,19,0.2631578947368421,0.8421052631578947,N,Not_Applicable(<30 pts),No_check_possible,No_check_possible,No_check_possible,No_check_possible,No_check_possible
4043,102731876,24,0.08333333333333333,0.125,N,Not_Applicable(<30 pts),No_check_possible,No_check_possible,No_check_possible,No_check_possible,No_check_possible
4044,101426575,32,0.0625,0.15625,Y,0-40%,True,No_check_possible,No_check_possible,No_check_possible,No_check_possible
4045,100838040,25,0.04,0.04,N,Not_Applicable(<30 pts),No_check_possible,No_check_possible,No_check_possible,No_check_possible,No_check_possible
4046,100861997,6,0.16666666666666666,0.16666666666666666,N,Not_Applicable(<30 pts),No_check_possible,No_check_possible,No_check_possible,No_check_possible,No_check_possible
4047,16097234,21,0.09523809523809523,0.14285714285714285,N,Not_Applicable(<30 pts),No_check_possible,No_check_possible,No_check_possible,No_check_possible,No_check_possible
4048,16160614,21,0.047619047619047616,0.09523809523809523,N,Not_Applicable(<30 pts),No_check_possible,No_check_possible,No_check_possible,No_check_possible,No_check_possible
4049,100366868,21,0.19047619047619047,0.2857142857142857,N,Not_Applicable(<30 pts),No_check_possible,No_check_possible,No_check_possible,No_check_possible,No_check_possible
4050,11701733,3,0.6666666666666666,0.6666666666666666,N,Not_Applicable(<30 pts),No_check_possible,No_check_possible,No_check_possible,No_check_possible,No_check_possible
4051,11379750,13,0.15384615384615385,0.15384615384615385,N,Not_Applicable(<30 pts),No_check_possible,No_check_possible,No_check_possible,No_check_possible,No_check_possible
4052,11702002,33,0.09090909090909091,0.12121212121212122,Y,0-40%,True,No_check_possible,No_check_possible,No_check_possible,No_check_possible
4053,102353728,29,0.2413793103448276,1.4482758620689655,N,Not_Applicable(<30 pts),No_check_possible,No_check_possible,No_check_possible,No_check_possible,No_check_possible
4054,102763454,28,0.17857142857142858,0.21428571428571427,N,Not_Applicable(<30 pts),No_check_possible,No_check_possible,No_check_possible,No_check_possible,No_check_possible
4055,102220011,23,0.08695652173913043,0.43478260869565216,N,Not_Applicable(<30 pts),No_check_possible,No_check_possible,No_check_possible,No_check_possible,No_check_possible
4056,42248149,4,0.5,0.5,N,Not_Applicable(<30 pts),No_check_possible,No_check_possible,No_check_possible,No_check_possible,No_check_possible
4057,11547082,25,0.08,0.08,N,Not_Applicable(<30 pts),No_check_possible,No_check_possible,No_check_possible,No_check_possible,No_check_possible
4058,100399474,22,0.09090909090909091,0.09090909090909091,N,Not_Applicable(<30 pts),No_check_possible,No_check_possible,No_check_possible,No_check_possible,No_check_possible
4059,49149458,17,0.11764705882352941,0.17647058823529413,N,Not_Applicable(<30 pts),No_check_possible,No_check_possible,No_check_possible,No_check_possible,No_check_possible
4060,102353620,21,0.09523809523809523,0.23809523809523808,N,Not_Applicable(<30 pts),No_check_possible,No_check_possible,No_check_possible,No_check_possible,No_check_possible
4061,11380187,5,0.4,1.4,N,Not_Applicable(<30 pts),No_check_possible,No_check_possible,No_check_possible,No_check_possible,No_check_possible
4062,15735331,4,0.25,0.25,N,Not_Applicable(<30 pts),No_check_possible,No_check_possible,No_check_possible,No_check_possible,No_check_possible
4063,42219667,14,0.14285714285714285,0.14285714285714285,N,Not_Applicable(<30 pts),No_check_possible,No_check_possible,No_check_possible,No_check_possible,No_check_possible
4064,11700943,16,0.125,0.125,N,Not_Applicable(<30 pts),No_check_possible,No_check_possible,No_check_possible,No_check_possible,No_check_possible
4065,11399946,25,0.08,0.08,N,Not_Applicable(<30 pts),No_check_possible,No_check_possible,No_check_possible,No_check_possible,No_check_possible
4066,11078963,25,0.08,0.08,N,Not_Applicable(<30 pts),No_check_possible,No_check_possible,No_check_possible,No_check_possible,No_check_possible
4067,100647283,25,0.12,0.36,N,Not_Applicable(<30 pts),No_check_possible,No_check_possible,No_check_possible,No_check_possible,No_check_possible
4068,11229707,14,0.14285714285714285,0.14285714285714285,N,Not_Applicable(<30 pts),No_check_possible,No_check_possible,No_check_possible,No_check_possible,No_check_possible
4069,102331037,31,0.06451612903225806,0.06451612903225806,Y,0-40%,True,No_check_possible,No_check_possible,No_check_possible,No_check_possible
4070,11038002,5,0.4,0.4,N,Not_Applicable(<30 pts),No_check_possible,No_check_possible,No_check_possible,No_check_possible,No_check_possible
4071,100716062,27,0.14814814814814814,0.25925925925925924,N,Not_Applicable(<30 pts),No_check_possible,No_check_possible,No_check_possible,No_check_possible,No_check_possible
4072,11423407,16,0.1875,0.25,N,Not_Applicable(<30 pts),No_check_possible,No_check_possible,No_check_possible,No_check_possible,No_check_possible
4073,102494712,4,0.25,0.75,N,Not_Applicable(<30 pts),No_check_possible,No_check_possible,No_check_possible,No_check_possible,No_check_possible
4074,11712988,25,0.08,0.08,N,Not_Applicable(<30 pts),No_check_possible,No_check_possible,No_check_possible,No_check_possible,No_check_possible
4075,37458614,22,0.09090909090909091,0.09090909090909091,N,Not_Applicable(<30 pts),No_check_possible,No_check_possible,No_check_possible,No_check_possible,No_check_possible
4076,100467629,6,0.3333333333333333,0.3333333333333333,N,Not_Applicable(<30 pts),No_check_possible,No_check_possible,No_check_possible,No_check_possible,No_check_possible
4077,102562858,26,0.11538461538461539,2.769230769230769,N,Not_Applicable(<30 pts),No_check_possible,No_check_possible,No_check_possible,No_check_possible,No_check_possible
4078,100556623,22,0.13636363636363635,0.13636363636363635,N,Not_Applicable(<30 pts),No_check_possible,No_check_possible,No_check_possible,No_check_possible,No_check_possible
4079,102795519,25,0.2,0.28,N,Not_Applicable(<30 pts),No_check_possible,No_check_possible,No_check_possible,No_check_possible,No_check_possible
4080,102143127,3,0.6666666666666666,1.0,N,Not_Applicable(<30 pts),No_check_possible,No_check_possible,No_check_possible,No_check_possible,No_check_possible
4081,11250607,26,0.11538461538461539,0.15384615384615385,N,Not_Applicable(<30 pts),No_check_possible,No_check_possible,No_check_possible,No_check_possible,No_check_possible
4082,15277895,7,0.2857142857142857,0.2857142857142857,N,Not_Applicable(<30 pts),No_check_possible,No_check_possible,No_check_possible,No_check_possible,No_check_possible
4083,11697535,30,0.06666666666666667,0.1,Y,0-40%,True,No_check_possible,No_check_possible,No_check_possible,No_check_possible
4084,102291274,19,0.10526315789473684,0.10526315789473684,N,Not_Applicable(<30 pts),No_check_possible,No_check_possible,No_check_possible,No_check_possible,No_check_possible
4085,18328156,14,0.07142857142857142,0.14285714285714285,N,Not_Applicable(<30 pts),No_check_possible,No_check_possible,No_check_possible,No_check_possible,No_check_possible
4086,42147991,21,0.09523809523809523,0.19047619047619047,N,Not_Applicable(<30 pts),No_check_possible,No_check_possible,No_check_possible,No_check_possible,No_check_possible
4087,100100571,17,0.11764705882352941,0.17647058823529413,N,Not_Applicable(<30 pts),No_check_possible,No_check_possible,No_check_possible,No_check_possible,No_check_possible
4088,102983804,18,0.05555555555555555,0.2777777777777778,N,Not_Applicable(<30 pts),No_check_possible,No_check_possible,No_check_possible,No_check_possible,No_check_possible
4089,11247216,26,0.07692307692307693,0.07692307692307693,N,Not_Applicable(<30 pts),No_check_possible,No_check_possible,No_check_possible,No_check_possible,No_check_possible
4090,102583872,28,0.07142857142857142,0.14285714285714285,N,Not_Applicable(<30 pts),No_check_possible,No_check_possible,No_check_possible,No_check_possible,No_check_possible
4091,14513949,15,0.13333333333333333,0.13333333333333333,N,Not_Applicable(<30 pts),No_check_possible,No_check_possible,No_check_possible,No_check_possible,No_check_possible
4092,101518870,29,0.06896551724137931,0.06896551724137931,N,Not_Applicable(<30 pts),No_check_possible,No_check_possible,No_check_possible,No_check_possible,No_check_possible
4093,11597454,4,0.5,0.5,N,Not_Applicable(<30 pts),No_check_possible,No_check_possible,No_check_possible,No_check_possible,No_check_possible
4094,102823301,19,0.10526315789473684,0.10526315789473684,N,Not_Applicable(<30 pts),No_check_possible,No_check_possible,No_check_possible,No_check_possible,No_check_possible
4095,102054021,24,0.08333333333333333,0.08333333333333333,N,Not_Applicable(<30 pts),No_check_possible,No_check_possible,No_check_possible,No_check_possible,No_check_possible
4096,102294214,14,0.07142857142857142,0.14285714285714285,N,Not_Applicable(<30 pts),No_check_possible,No_check_possible,No_check_possible,No_check_possible,No_check_possible
4097,102904812,17,0.17647058823529413,0.23529411764705882,N,Not_Applicable(<30 pts),No_check_possible,No_check_possible,No_check_possible,No_check_possible,No_check_possible
4098,102059864,28,0.10714285714285714,0.17857142857142858,N,Not_Applicable(<30 pts),No_check_possible,No_check_possible,No_check_possible,No_check_possible,No_check_possible
4099,102117615,11,0.18181818181818182,0.18181818181818182,N,Not_Applicable(<30 pts),No_check_possible,No_check_possible,No_check_possible,No_check_possible,No_check_possible
4100,101490927,5,0.4,0.4,N,Not_Applicable(<30 pts),No_check_possible,No_check_possible,No_check_possible,No_check_possible,No_check_possible
4101,102407582,20,0.1,0.15,N,Not_Applicable(<30 pts),No_check_possible,No_check_possible,No_check_possible,No_check_possible,No_check_possible
4102,102818649,28,0.14285714285714285,1.0,N,Not_Applicable(<30 pts),No_check_possible,No_check_possible,No_check_possible,No_check_possible,No_check_possible
4103,11711169,13,0.15384615384615385,0.15384615384615385,N,Not_Applicable(<30 pts),No_check_possible,No_check_possible,No_check_possible,No_check_possible,No_check_possible
4104,102801658,43,0.023255813953488372,0.046511627906976744,Y,0-40%,True,No_check_possible,No_check_possible,No_check_possible,No_check_possible
4105,11615797,18,0.1111111111111111,0.1111111111111111,N,Not_Applicable(<30 pts),No_check_possible,No_check_possible,No_check_possible,No_check_possible,No_check_possible
4106,102852962,5,0.4,0.8,N,Not_Applicable(<30 pts),No_check_possible,No_check_possible,No_check_possible,No_check_possible,No_check_possible
4107,100690042,24,0.08333333333333333,0.08333333333333333,N,Not_Applicable(<30 pts),No_check_possible,No_check_possible,No_check_possible,No_check_possible,No_check_possible
4108,101793402,23,0.08695652173913043,0.08695652173913043,N,Not_Applicable(<30 pts),No_check_possible,No_check_possible,No_check_possible,No_check_possible,No_check_possible
4109,11351331,28,0.07142857142857142,0.07142857142857142,N,Not_Applicable(<30 pts),No_check_possible,No_check_possible,No_check_possible,No_check_possible,No_check_possible
4110,102350606,20,0.15,0.25,N,Not_Applicable(<30 pts),No_check_possible,No_check_possible,No_check_possible,No_check_possible,No_check_possible
4111,102220149,20,0.35,3.1,N,Not_Applicable(<30 pts),No_check_possible,No_check_possible,No_check_possible,No_check_possible,No_check_possible
4112,102220159,18,0.3333333333333333,1.8888888888888888,N,Not_Applicable(<30 pts),No_check_possible,No_check_possible,No_check_possible,No_check_possible,No_check_possible
4113,11073088,26,0.11538461538461539,0.8461538461538461,N,Not_Applicable(<30 pts),No_check_possible,No_check_possible,No_check_possible,No_check_possible,No_check_possible
4114,104308009,19,0.05263157894736842,0.10526315789473684,N,Not_Applicable(<30 pts),No_check_possible,No_check_possible,No_check_possible,No_check_possible,No_check_possible
4115,102534516,28,0.07142857142857142,0.07142857142857142,N,Not_Applicable(<30 pts),No_check_possible,No_check_possible,No_check_possible,No_check_possible,No_check_possible
4116,100453378,19,0.10526315789473684,0.10526315789473684,N,Not_Applicable(<30 pts),No_check_possible,No_check_possible,No_check_possible,No_check_possible,No_check_possible
4117,11234414,17,0.058823529411764705,0.058823529411764705,N,Not_Applicable(<30 pts),No_check_possible,No_check_possible,No_check_possible,No_check_possible,No_check_possible
4118,102801742,18,0.1111111111111111,0.1111111111111111,N,Not_Applicable(<30 pts),No_check_possible,No_check_possible,No_check_possible,No_check_possible,No_check_possible
4119,102840833,21,0.14285714285714285,0.19047619047619047,N,Not_Applicable(<30 pts),No_check_possible,No_check_possible,No_check_possible,No_check_possible,No_check_possible
4120,42144976,26,0.07692307692307693,0.11538461538461539,N,Not_Applicable(<30 pts),No_check_possible,No_check_possible,No_check_possible,No_check_possible,No_check_possible
4121,37458115,19,0.10526315789473684,0.10526315789473684,N,Not_Applicable(<30 pts),No_check_possible,No_check_possible,No_check_possible,No_check_possible,No_check_possible
4122,102831859,18,0.1111111111111111,0.1111111111111111,N,Not_Applicable(<30 pts),No_check_possible,No_check_possible,No_check_possible,No_check_possible,No_check_possible
4123,105716976,27,0.07407407407407407,0.14814814814814814,N,Not_Applicable(<30 pts),No_check_possible,No_check_possible,No_check_possible,No_check_possible,No_check_possible
4124,105716990,27,0.07407407407407407,0.14814814814814814,N,Not_Applicable(<30 pts),No_check_possible,No_check_possible,No_check_possible,No_check_possible,No_check_possible
4125,100446699,27,0.1111111111111111,0.2222222222222222,N,Not_Applicable(<30 pts),No_check_possible,No_check_possible,No_check_possible,No_check_possible,No_check_possible
4126,102075966,29,0.034482758620689655,0.034482758620689655,N,Not_Applicable(<30 pts),No_check_possible,No_check_possible,No_check_possible,No_check_possible,No_check_possible
4127,102896231,18,0.1111111111111111,0.16666666666666666,N,Not_Applicable(<30 pts),No_check_possible,No_check_possible,No_check_possible,No_check_possible,No_check_possible
4128,102798132,26,0.07692307692307693,0.11538461538461539,N,Not_Applicable(<30 pts),No_check_possible,No_check_possible,No_check_possible,No_check_possible,No_check_possible
4129,104172358,15,0.13333333333333333,0.26666666666666666,N,Not_Applicable(<30 pts),No_check_possible,No_check_possible,No_check_possible,No_check_possible,No_check_possible
4130,102798014,13,0.15384615384615385,0.23076923076923078,N,Not_Applicable(<30 pts),No_check_possible,No_check_possible,No_check_possible,No_check_possible,No_check_possible
4131,42268381,24,0.08333333333333333,0.20833333333333334,N,Not_Applicable(<30 pts),No_check_possible,No_check_possible,No_check_possible,No_check_possible,No_check_possible
4132,102785138,27,0.07407407407407407,0.14814814814814814,N,Not_Applicable(<30 pts),No_check_possible,No_check_possible,No_check_possible,No_check_possible,No_check_possible
4133,11332575,27,0.1111111111111111,0.2222222222222222,N,Not_Applicable(<30 pts),No_check_possible,No_check_possible,No_check_possible,No_check_possible,No_check_possible
4134,13729297,24,0.125,0.16666666666666666,N,Not_Applicable(<30 pts),No_check_possible,No_check_possible,No_check_possible,No_check_possible,No_check_possible
4135,102877946,14,0.14285714285714285,0.21428571428571427,N,Not_Applicable(<30 pts),No_check_possible,No_check_possible,No_check_possible,No_check_possible,No_check_possible
4136,102731948,25,0.08,0.2,N,Not_Applicable(<30 pts),No_check_possible,No_check_possible,No_check_possible,No_check_possible,No_check_possible
4137,102781756,28,0.10714285714285714,0.17857142857142858,N,Not_Applicable(<30 pts),No_check_possible,No_check_possible,No_check_possible,No_check_possible,No_check_possible
4138,102848713,10,0.2,0.3,N,Not_Applicable(<30 pts),No_check_possible,No_check_possible,No_check_possible,No_check_possible,No_check_possible
4139,104294090,29,0.1724137931034483,0.27586206896551724,N,Not_Applicable(<30 pts),No_check_possible,No_check_possible,No_check_possible,No_check_possible,No_check_possible
4140,102878329,17,0.058823529411764705,0.11764705882352941,N,Not_Applicable(<30 pts),No_check_possible,No_check_possible,No_check_possible,No_check_possible,No_check_possible
4141,105716700,15,0.13333333333333333,0.2,N,Not_Applicable(<30 pts),No_check_possible,No_check_possible,No_check_possible,No_check_possible,No_check_possible
4142,102889534,29,0.1724137931034483,0.27586206896551724,N,Not_Applicable(<30 pts),No_check_possible,No_check_possible,No_check_possible,No_check_possible,No_check_possible
4143,105716993,14,0.21428571428571427,3.857142857142857,N,Not_Applicable(<30 pts),No_check_possible,No_check_possible,No_check_possible,No_check_possible,No_check_possible
4144,102541599,27,0.1111111111111111,0.2222222222222222,N,Not_Applicable(<30 pts),No_check_possible,No_check_possible,No_check_possible,No_check_possible,No_check_possible
4145,102882766,27,0.14814814814814814,0.2962962962962963,N,Not_Applicable(<30 pts),No_check_possible,No_check_possible,No_check_possible,No_check_possible,No_check_possible
4146,104285429,18,0.16666666666666666,0.7777777777777778,N,Not_Applicable(<30 pts),No_check_possible,No_check_possible,No_check_possible,No_check_possible,No_check_possible
4147,100563566,22,0.13636363636363635,0.2727272727272727,N,Not_Applicable(<30 pts),No_check_possible,No_check_possible,No_check_possible,No_check_possible,No_check_possible
4148,11669247,23,0.2608695652173913,0.5217391304347826,N,Not_Applicable(<30 pts),No_check_possible,No_check_possible,No_check_possible,No_check_possible,No_check_possible
4149,102749685,16,0.3125,0.5,N,Not_Applicable(<30 pts),No_check_possible,No_check_possible,No_check_possible,No_check_possible,No_check_possible
4150,101871644,25,0.16,0.24,N,Not_Applicable(<30 pts),No_check_possible,No_check_possible,No_check_possible,No_check_possible,No_check_possible
4151,100100501,26,0.23076923076923078,0.4230769230769231,N,Not_Applicable(<30 pts),No_check_possible,No_check_possible,No_check_possible,No_check_possible,No_check_possible
4152,102840829,11,0.18181818181818182,0.45454545454545453,N,Not_Applicable(<30 pts),No_check_possible,No_check_possible,No_check_possible,No_check_possible,No_check_possible
4153,102559566,20,0.15,0.35,N,Not_Applicable(<30 pts),No_check_possible,No_check_possible,No_check_possible,No_check_possible,No_check_possible
4154,100555755,10,0.2,0.6,N,Not_Applicable(<30 pts),No_check_possible,No_check_possible,No_check_possible,No_check_possible,No_check_possible
4155,102829094,28,0.14285714285714285,0.2857142857142857,N,Not_Applicable(<30 pts),No_check_possible,No_check_possible,No_check_possible,No_check_possible,No_check_possible
4156,100838146,10,0.3,0.7,N,Not_Applicable(<30 pts),No_check_possible,No_check_possible,No_check_possible,No_check_possible,No_check_possible
4157,102859556,20,0.35,0.8,N,Not_Applicable(<30 pts),No_check_possible,No_check_possible,No_check_possible,No_check_possible,No_check_possible
4158,102850906,22,0.18181818181818182,0.5454545454545454,N,Not_Applicable(<30 pts),No_check_possible,No_check_possible,No_check_possible,No_check_possible,No_check_possible
4159,102774831,30,0.3,0.6333333333333333,Y,0-40%,True,No_check_possible,No_check_possible,No_check_possible,No_check_possible
4160,102338216,11,0.2727272727272727,0.6363636363636364,N,Not_Applicable(<30 pts),No_check_possible,No_check_possible,No_check_possible,No_check_possible,No_check_possible
4161,101518370,10,0.2,0.6,N,Not_Applicable(<30 pts),No_check_possible,No_check_possible,No_check_possible,No_check_possible,No_check_possible
4162,102870372,17,0.35294117647058826,0.6470588235294118,N,Not_Applicable(<30 pts),No_check_possible,No_check_possible,No_check_possible,No_check_possible,No_check_possible
4163,102541841,28,0.32142857142857145,1.0714285714285714,N,Not_Applicable(<30 pts),No_check_possible,No_check_possible,No_check_possible,No_check_possible,No_check_possible
4164,102807973,17,0.11764705882352941,0.35294117647058826,N,Not_Applicable(<30 pts),No_check_possible,No_check_possible,No_check_possible,No_check_possible,No_check_possible
4165,101502666,26,0.23076923076923078,0.7692307692307693,N,Not_Applicable(<30 pts),No_check_possible,No_check_possible,No_check_possible,No_check_possible,No_check_possible
4166,102325303,27,0.2962962962962963,0.8518518518518519,N,Not_Applicable(<30 pts),No_check_possible,No_check_possible,No_check_possible,No_check_possible,No_check_possible
4167,100371834,22,0.2727272727272727,0.5454545454545454,N,Not_Applicable(<30 pts),No_check_possible,No_check_possible,No_check_possible,No_check_possible,No_check_possible
4168,102914608,12,0.5,1.1666666666666667,N,Not_Applicable(<30 pts),No_check_possible,No_check_possible,No_check_possible,No_check_possible,No_check_possible
4169,100147788,22,0.22727272727272727,0.45454545454545453,N,Not_Applicable(<30 pts),No_check_possible,No_check_possible,No_check_possible,No_check_possible,No_check_possible
4170,102877642,15,0.3333333333333333,0.6666666666666666,N,Not_Applicable(<30 pts),No_check_possible,No_check_possible,No_check_possible,No_check_possible,No_check_possible
4171,102112858,30,0.16666666666666666,0.4,Y,0-40%,True,No_check_possible,No_check_possible,No_check_possible,No_check_possible
4172,102102596,25,0.16,0.32,N,Not_Applicable(<30 pts),No_check_possible,No_check_possible,No_check_possible,No_check_possible,No_check_possible
4173,104176958,29,0.3103448275862069,1.0344827586206897,N,Not_Applicable(<30 pts),No_check_possible,No_check_possible,No_check_possible,No_check_possible,No_check_possible
4174,102774821,14,0.42857142857142855,1.1428571428571428,N,Not_Applicable(<30 pts),No_check_possible,No_check_possible,No_check_possible,No_check_possible,No_check_possible
4175,102877784,3,0.6666666666666666,2.0,N,Not_Applicable(<30 pts),No_check_possible,No_check_possible,No_check_possible,No_check_possible,No_check_possible
4176,42307470,15,0.3333333333333333,0.7333333333333333,N,Not_Applicable(<30 pts),No_check_possible,No_check_possible,No_check_possible,No_check_possible,No_check_possible
4177,102851154,24,0.25,0.7083333333333334,N,Not_Applicable(<30 pts),No_check_possible,No_check_possible,No_check_possible,No_check_possible,No_check_possible
4178,102866671,25,0.28,0.48,N,Not_Applicable(<30 pts),No_check_possible,No_check_possible,No_check_possible,No_check_possible,No_check_possible
4179,102535681,28,0.14285714285714285,0.2857142857142857,N,Not_Applicable(<30 pts),No_check_possible,No_check_possible,No_check_possible,No_check_possible,No_check_possible
4180,101918391,14,0.2857142857142857,0.5714285714285714,N,Not_Applicable(<30 pts),No_check_possible,No_check_possible,No_check_possible,No_check_possible,No_check_possible
4181,102914312,13,0.15384615384615385,0.46153846153846156,N,Not_Applicable(<30 pts),No_check_possible,No_check_possible,No_check_possible,No_check_possible,No_check_possible
4182,101837733,28,0.17857142857142858,0.6071428571428571,N,Not_Applicable(<30 pts),No_check_possible,No_check_possible,No_check_possible,No_check_possible,No_check_possible
4183,100596966,28,0.2857142857142857,0.7857142857142857,N,Not_Applicable(<30 pts),No_check_possible,No_check_possible,No_check_possible,No_check_possible,No_check_possible
4184,104184881,12,0.5,2.0833333333333335,N,Not_Applicable(<30 pts),No_check_possible,No_check_possible,No_check_possible,No_check_possible,No_check_possible
4185,102217891,18,0.3333333333333333,0.6111111111111112,N,Not_Applicable(<30 pts),No_check_possible,No_check_possible,No_check_possible,No_check_possible,No_check_possible
4186,104189653,16,0.625,1.0625,N,Not_Applicable(<30 pts),No_check_possible,No_check_possible,No_check_possible,No_check_possible,No_check_possible
4187,102633265,12,0.5,1.3333333333333333,N,Not_Applicable(<30 pts),No_check_possible,No_check_possible,No_check_possible,No_check_possible,No_check_possible
4188,104303926,29,0.06896551724137931,0.20689655172413793,N,Not_Applicable(<30 pts),No_check_possible,No_check_possible,No_check_possible,No_check_possible,No_check_possible
4189,100476281,30,0.3,0.8,Y,0-40%,True,No_check_possible,No_check_possible,No_check_possible,No_check_possible
4190,102914678,24,0.16666666666666666,0.4166666666666667,N,Not_Applicable(<30 pts),No_check_possible,No_check_possible,No_check_possible,No_check_possible,No_check_possible
4191,105716701,24,0.16666666666666666,0.4166666666666667,N,Not_Applicable(<30 pts),No_check_possible,No_check_possible,No_check_possible,No_check_possible,No_check_possible
4192,102535661,11,0.36363636363636365,1.0,N,Not_Applicable(<30 pts),No_check_possible,No_check_possible,No_check_possible,No_check_possible,No_check_possible
4193,104303325,28,0.07142857142857142,1.8571428571428572,N,Not_Applicable(<30 pts),No_check_possible,No_check_possible,No_check_possible,No_check_possible,No_check_possible
4194,16755707,25,0.04,0.04,N,Not_Applicable(<30 pts),No_check_possible,No_check_possible,No_check_possible,No_check_possible,No_check_possible
4195,11711979,23,0.08695652173913043,0.08695652173913043,N,Not_Applicable(<30 pts),No_check_possible,No_check_possible,No_check_possible,No_check_possible,No_check_possible
4196,102612070,12,0.16666666666666666,0.16666666666666666,N,Not_Applicable(<30 pts),No_check_possible,No_check_possible,No_check_possible,No_check_possible,No_check_possible
4197,102859574,17,0.11764705882352941,0.17647058823529413,N,Not_Applicable(<30 pts),No_check_possible,No_check_possible,No_check_possible,No_check_possible,No_check_possible
4198,1039134,17,0.11764705882352941,0.11764705882352941,N,Not_Applicable(<30 pts),No_check_possible,No_check_possible,No_check_possible,No_check_possible,No_check_possible
4199,102271131,24,0.16666666666666666,0.16666666666666666,N,Not_Applicable(<30 pts),No_check_possible,No_check_possible,No_check_possible,No_check_possible,No_check_possible
4200,102820449,19,0.10526315789473684,0.10526315789473684,N,Not_Applicable(<30 pts),No_check_possible,No_check_possible,No_check_possible,No_check_possible,No_check_possible
4201,101412394,23,0.13043478260869565,0.13043478260869565,N,Not_Applicable(<30 pts),No_check_possible,No_check_possible,No_check_possible,No_check_possible,No_check_possible
4202,11378418,21,0.14285714285714285,0.14285714285714285,N,Not_Applicable(<30 pts),No_check_possible,No_check_possible,No_check_possible,No_check_possible,No_check_possible
4203,105717176,27,0.1111111111111111,0.18518518518518517,N,Not_Applicable(<30 pts),No_check_possible,No_check_possible,No_check_possible,No_check_possible,No_check_possible
4204,100702354,15,0.13333333333333333,0.4,N,Not_Applicable(<30 pts),No_check_possible,No_check_possible,No_check_possible,No_check_possible,No_check_possible
4205,100384225,26,0.07692307692307693,0.15384615384615385,N,Not_Applicable(<30 pts),No_check_possible,No_check_possible,No_check_possible,No_check_possible,No_check_possible
4206,11166054,22,0.09090909090909091,0.09090909090909091,N,Not_Applicable(<30 pts),No_check_possible,No_check_possible,No_check_possible,No_check_possible,No_check_possible
4207,11301782,11,0.18181818181818182,0.18181818181818182,N,Not_Applicable(<30 pts),No_check_possible,No_check_possible,No_check_possible,No_check_possible,No_check_possible
4208,102525202,24,0.08333333333333333,0.08333333333333333,N,Not_Applicable(<30 pts),No_check_possible,No_check_possible,No_check_possible,No_check_possible,No_check_possible
4209,15834195,3,0.6666666666666666,0.6666666666666666,N,Not_Applicable(<30 pts),No_check_possible,No_check_possible,No_check_possible,No_check_possible,No_check_possible
4210,102592530,27,0.037037037037037035,0.07407407407407407,N,Not_Applicable(<30 pts),No_check_possible,No_check_possible,No_check_possible,No_check_possible,No_check_possible
4211,102855615,12,0.16666666666666666,0.25,N,Not_Applicable(<30 pts),No_check_possible,No_check_possible,No_check_possible,No_check_possible,No_check_possible
4212,105716977,12,0.25,0.3333333333333333,N,Not_Applicable(<30 pts),No_check_possible,No_check_possible,No_check_possible,No_check_possible,No_check_possible
4213,104186005,28,0.25,0.5,N,Not_Applicable(<30 pts),No_check_possible,No_check_possible,No_check_possible,No_check_possible,No_check_possible
4214,102848325,15,0.2,0.3333333333333333,N,Not_Applicable(<30 pts),No_check_possible,No_check_possible,No_check_possible,No_check_possible,No_check_possible
4215,11130977,21,0.14285714285714285,0.14285714285714285,N,Not_Applicable(<30 pts),No_check_possible,No_check_possible,No_check_possible,No_check_possible,No_check_possible
4216,105716628,21,0.14285714285714285,0.14285714285714285,N,Not_Applicable(<30 pts),No_check_possible,No_check_possible,No_check_possible,No_check_possible,No_check_possible
4217,11180013,18,0.1111111111111111,0.1111111111111111,N,Not_Applicable(<30 pts),No_check_possible,No_check_possible,No_check_possible,No_check_possible,No_check_possible
4218,11229407,18,0.1111111111111111,0.1111111111111111,N,Not_Applicable(<30 pts),No_check_possible,No_check_possible,No_check_possible,No_check_possible,No_check_possible
4219,102636252,14,0.14285714285714285,0.14285714285714285,N,Not_Applicable(<30 pts),No_check_possible,No_check_possible,No_check_possible,No_check_possible,No_check_possible
4220,100585916,22,0.09090909090909091,0.09090909090909091,N,Not_Applicable(<30 pts),No_check_possible,No_check_possible,No_check_possible,No_check_possible,No_check_possible
4221,42256155,28,0.07142857142857142,0.07142857142857142,N,Not_Applicable(<30 pts),No_check_possible,No_check_possible,No_check_possible,No_check_possible,No_check_possible
4222,104188431,28,0.07142857142857142,1.25,N,Not_Applicable(<30 pts),No_check_possible,No_check_possible,No_check_possible,No_check_possible,No_check_possible
4223,104303550,20,0.05,1.0,N,Not_Applicable(<30 pts),No_check_possible,No_check_possible,No_check_possible,No_check_possible,No_check_possible
4224,102904568,23,0.13043478260869565,0.2608695652173913,N,Not_Applicable(<30 pts),No_check_possible,No_check_possible,No_check_possible,No_check_possible,No_check_possible
4225,11374964,25,0.12,0.28,N,Not_Applicable(<30 pts),No_check_possible,No_check_possible,No_check_possible,No_check_possible,No_check_possible
4226,100496387,16,0.1875,0.1875,N,Not_Applicable(<30 pts),No_check_possible,No_check_possible,No_check_possible,No_check_possible,No_check_possible
4227,42236914,25,0.08,0.12,N,Not_Applicable(<30 pts),No_check_possible,No_check_possible,No_check_possible,No_check_possible,No_check_possible
4228,37459829,11,0.18181818181818182,0.18181818181818182,N,Not_Applicable(<30 pts),No_check_possible,No_check_possible,No_check_possible,No_check_possible,No_check_possible
4229,37458071,10,0.1,0.2,N,Not_Applicable(<30 pts),No_check_possible,No_check_possible,No_check_possible,No_check_possible,No_check_possible
4230,11527921,25,0.08,0.08,N,Not_Applicable(<30 pts),No_check_possible,No_check_possible,No_check_possible,No_check_possible,No_check_possible
4231,102074783,24,0.16666666666666666,0.2916666666666667,N,Not_Applicable(<30 pts),No_check_possible,No_check_possible,No_check_possible,No_check_possible,No_check_possible
4232,102877678,11,0.09090909090909091,0.09090909090909091,N,Not_Applicable(<30 pts),No_check_possible,No_check_possible,No_check_possible,No_check_possible,No_check_possible
4233,42206406,11,0.18181818181818182,0.2727272727272727,N,Not_Applicable(<30 pts),No_check_possible,No_check_possible,No_check_possible,No_check_possible,No_check_possible
4234,15636894,21,0.14285714285714285,0.19047619047619047,N,Not_Applicable(<30 pts),No_check_possible,No_check_possible,No_check_possible,No_check_possible,No_check_possible
4235,11557907,20,0.1,0.1,N,Not_Applicable(<30 pts),No_check_possible,No_check_possible,No_check_possible,No_check_possible,No_check_possible
4236,16568337,17,0.11764705882352941,0.11764705882352941,N,Not_Applicable(<30 pts),No_check_possible,No_check_possible,No_check_possible,No_check_possible,No_check_possible
4237,102096664,14,0.07142857142857142,0.14285714285714285,N,Not_Applicable(<30 pts),No_check_possible,No_check_possible,No_check_possible,No_check_possible,No_check_possible
4238,11236736,5,0.4,0.6,N,Not_Applicable(<30 pts),No_check_possible,No_check_possible,No_check_possible,No_check_possible,No_check_possible
4239,102833867,4,0.5,0.75,N,Not_Applicable(<30 pts),No_check_possible,No_check_possible,No_check_possible,No_check_possible,No_check_possible
4240,102074969,7,0.42857142857142855,0.42857142857142855,N,Not_Applicable(<30 pts),No_check_possible,No_check_possible,No_check_possible,No_check_possible,No_check_possible
4241,102592175,16,0.125,0.1875,N,Not_Applicable(<30 pts),No_check_possible,No_check_possible,No_check_possible,No_check_possible,No_check_possible
4242,11693792,18,0.1111111111111111,0.1111111111111111,N,Not_Applicable(<30 pts),No_check_possible,No_check_possible,No_check_possible,No_check_possible,No_check_possible
4243,100158753,10,0.2,0.2,N,Not_Applicable(<30 pts),No_check_possible,No_check_possible,No_check_possible,No_check_possible,No_check_possible
4244,100018992,4,0.25,0.25,N,Not_Applicable(<30 pts),No_check_possible,No_check_possible,No_check_possible,No_check_possible,No_check_possible
4245,11573816,19,0.15789473684210525,0.15789473684210525,N,Not_Applicable(<30 pts),No_check_possible,No_check_possible,No_check_possible,No_check_possible,No_check_possible
4246,11707769,8,0.25,0.25,N,Not_Applicable(<30 pts),No_check_possible,No_check_possible,No_check_possible,No_check_possible,No_check_possible
4247,102810421,9,0.2222222222222222,0.4444444444444444,N,Not_Applicable(<30 pts),No_check_possible,No_check_possible,No_check_possible,No_check_possible,No_check_possible
4248,16134167,14,0.21428571428571427,0.21428571428571427,N,Not_Applicable(<30 pts),No_check_possible,No_check_possible,No_check_possible,No_check_possible,No_check_possible
4249,11615879,3,0.6666666666666666,0.6666666666666666,N,Not_Applicable(<30 pts),No_check_possible,No_check_possible,No_check_possible,No_check_possible,No_check_possible
4250,102386966,11,0.18181818181818182,0.7272727272727273,N,Not_Applicable(<30 pts),No_check_possible,No_check_possible,No_check_possible,No_check_possible,No_check_possible
4251,105717021,3,0.3333333333333333,0.6666666666666666,N,Not_Applicable(<30 pts),No_check_possible,No_check_possible,No_check_possible,No_check_possible,No_check_possible
4252,102775540,13,0.23076923076923078,0.23076923076923078,N,Not_Applicable(<30 pts),No_check_possible,No_check_possible,No_check_possible,No_check_possible,No_check_possible
4253,102823291,13,0.3076923076923077,0.38461538461538464,N,Not_Applicable(<30 pts),No_check_possible,No_check_possible,No_check_possible,No_check_possible,No_check_possible
4254,100753281,6,0.3333333333333333,0.3333333333333333,N,Not_Applicable(<30 pts),No_check_possible,No_check_possible,No_check_possible,No_check_possible,No_check_possible
4255,104209976,12,0.3333333333333333,0.5833333333333334,N,Not_Applicable(<30 pts),No_check_possible,No_check_possible,No_check_possible,No_check_possible,No_check_possible
4256,11450803,15,0.4,0.6666666666666666,N,Not_Applicable(<30 pts),No_check_possible,No_check_possible,No_check_possible,No_check_possible,No_check_possible
4257,11575248,11,0.18181818181818182,0.2727272727272727,N,Not_Applicable(<30 pts),No_check_possible,No_check_possible,No_check_possible,No_check_possible,No_check_possible
4258,11096014,17,0.11764705882352941,0.11764705882352941,N,Not_Applicable(<30 pts),No_check_possible,No_check_possible,No_check_possible,No_check_possible,No_check_possible
4259,11234488,4,0.5,0.5,N,Not_Applicable(<30 pts),No_check_possible,No_check_possible,No_check_possible,No_check_possible,No_check_possible
4260,15736045,3,0.6666666666666666,3.6666666666666665,N,Not_Applicable(<30 pts),No_check_possible,No_check_possible,No_check_possible,No_check_possible,No_check_possible
4261,105716974,4,0.25,0.5,N,Not_Applicable(<30 pts),No_check_possible,No_check_possible,No_check_possible,No_check_possible,No_check_possible
4262,11437139,10,0.2,0.2,N,Not_Applicable(<30 pts),No_check_possible,No_check_possible,No_check_possible,No_check_possible,No_check_possible
4263,102544060,19,0.21052631578947367,0.2631578947368421,N,Not_Applicable(<30 pts),No_check_possible,No_check_possible,No_check_possible,No_check_possible,No_check_possible
4264,102112744,12,0.25,0.3333333333333333,N,Not_Applicable(<30 pts),No_check_possible,No_check_possible,No_check_possible,No_check_possible,No_check_possible
4265,102611906,11,0.18181818181818182,0.5454545454545454,N,Not_Applicable(<30 pts),No_check_possible,No_check_possible,No_check_possible,No_check_possible,No_check_possible
4266,101445686,13,0.07692307692307693,0.15384615384615385,N,Not_Applicable(<30 pts),No_check_possible,No_check_possible,No_check_possible,No_check_possible,No_check_possible
4267,102113029,2,0.5,1.0,N,Not_Applicable(<30 pts),No_check_possible,No_check_possible,No_check_possible,No_check_possible,No_check_possible
4268,104200124,7,0.2857142857142857,0.42857142857142855,N,Not_Applicable(<30 pts),No_check_possible,No_check_possible,No_check_possible,No_check_possible,No_check_possible
4269,102808080,13,0.15384615384615385,0.23076923076923078,N,Not_Applicable(<30 pts),No_check_possible,No_check_possible,No_check_possible,No_check_possible,No_check_possible
4270,102848859,6,0.16666666666666666,0.3333333333333333,N,Not_Applicable(<30 pts),No_check_possible,No_check_possible,No_check_possible,No_check_possible,No_check_possible
4271,100499607,5,0.2,0.4,N,Not_Applicable(<30 pts),No_check_possible,No_check_possible,No_check_possible,No_check_possible,No_check_possible
4272,102407566,8,0.25,0.375,N,Not_Applicable(<30 pts),No_check_possible,No_check_possible,No_check_possible,No_check_possible,No_check_possible
4273,100453334,6,0.3333333333333333,0.8333333333333334,N,Not_Applicable(<30 pts),No_check_possible,No_check_possible,No_check_possible,No_check_possible,No_check_possible
4274,100002456,15,0.3333333333333333,0.6,N,Not_Applicable(<30 pts),No_check_possible,No_check_possible,No_check_possible,No_check_possible,No_check_possible
4275,102054001,18,0.1111111111111111,0.1111111111111111,N,Not_Applicable(<30 pts),No_check_possible,No_check_possible,No_check_possible,No_check_possible,No_check_possible
4276,102498106,13,0.15384615384615385,0.15384615384615385,N,Not_Applicable(<30 pts),No_check_possible,No_check_possible,No_check_possible,No_check_possible,No_check_possible
4277,102904870,6,0.3333333333333333,0.3333333333333333,N,Not_Applicable(<30 pts),No_check_possible,No_check_possible,No_check_possible,No_check_possible,No_check_possible
4278,102496036,19,0.15789473684210525,0.2631578947368421,N,Not_Applicable(<30 pts),No_check_possible,No_check_possible,No_check_possible,No_check_possible,No_check_possible
4279,105699918,8,0.25,0.25,N,Not_Applicable(<30 pts),No_check_possible,No_check_possible,No_check_possible,No_check_possible,No_check_possible
4280,37528921,10,0.2,0.2,N,Not_Applicable(<30 pts),No_check_possible,No_check_possible,No_check_possible,No_check_possible,No_check_possible
4281,11466515,6,0.3333333333333333,0.3333333333333333,N,Not_Applicable(<30 pts),No_check_possible,No_check_possible,No_check_possible,No_check_possible,No_check_possible
4282,119283,3,0.6666666666666666,0.6666666666666666,N,Not_Applicable(<30 pts),No_check_possible,No_check_possible,No_check_possible,No_check_possible,No_check_possible
4283,100798304,3,0.6666666666666666,0.6666666666666666,N,Not_Applicable(<30 pts),No_check_possible,No_check_possible,No_check_possible,No_check_possible,No_check_possible
4284,37458813,14,0.14285714285714285,0.21428571428571427,N,Not_Applicable(<30 pts),No_check_possible,No_check_possible,No_check_possible,No_check_possible,No_check_possible
4285,11670576,17,0.23529411764705882,0.23529411764705882,N,Not_Applicable(<30 pts),No_check_possible,No_check_possible,No_check_possible,No_check_possible,No_check_possible
4286,11670528,8,0.375,0.375,N,Not_Applicable(<30 pts),No_check_possible,No_check_possible,No_check_possible,No_check_possible,No_check_possible
4287,16334384,7,0.2857142857142857,0.42857142857142855,N,Not_Applicable(<30 pts),No_check_possible,No_check_possible,No_check_possible,No_check_possible,No_check_possible
4288,37528916,8,0.375,0.375,N,Not_Applicable(<30 pts),No_check_possible,No_check_possible,No_check_possible,No_check_possible,No_check_possible
4289,15601009,16,0.1875,0.1875,N,Not_Applicable(<30 pts),No_check_possible,No_check_possible,No_check_possible,No_check_possible,No_check_possible
4290,42248663,5,0.4,0.4,N,Not_Applicable(<30 pts),No_check_possible,No_check_possible,No_check_possible,No_check_possible,No_check_possible
4291,102810083,17,0.29411764705882354,0.4117647058823529,N,Not_Applicable(<30 pts),No_check_possible,No_check_possible,No_check_possible,No_check_possible,No_check_possible
4292,42222936,18,0.4444444444444444,1.0555555555555556,N,Not_Applicable(<30 pts),No_check_possible,No_check_possible,No_check_possible,No_check_possible,No_check_possible
4293,102866551,16,0.125,1.0625,N,Not_Applicable(<30 pts),No_check_possible,No_check_possible,No_check_possible,No_check_possible,No_check_possible
4294,100233670,11,0.18181818181818182,0.18181818181818182,N,Not_Applicable(<30 pts),No_check_possible,No_check_possible,No_check_possible,No_check_possible,No_check_possible
4295,102983838,15,0.13333333333333333,0.13333333333333333,N,Not_Applicable(<30 pts),No_check_possible,No_check_possible,No_check_possible,No_check_possible,No_check_possible
4296,15732125,13,0.15384615384615385,0.8461538461538461,N,Not_Applicable(<30 pts),No_check_possible,No_check_possible,No_check_possible,No_check_possible,No_check_possible
4297,11078179,5,0.4,0.4,N,Not_Applicable(<30 pts),No_check_possible,No_check_possible,No_check_possible,No_check_possible,No_check_possible
4298,100426079,16,0.1875,0.1875,N,Not_Applicable(<30 pts),No_check_possible,No_check_possible,No_check_possible,No_check_possible,No_check_possible
4299,105701864,7,0.14285714285714285,0.42857142857142855,N,Not_Applicable(<30 pts),No_check_possible,No_check_possible,No_check_possible,No_check_possible,No_check_possible
4300,102590724,12,0.16666666666666666,0.16666666666666666,N,Not_Applicable(<30 pts),No_check_possible,No_check_possible,No_check_possible,No_check_possible,No_check_possible
4301,100677345,11,0.18181818181818182,0.18181818181818182,N,Not_Applicable(<30 pts),No_check_possible,No_check_possible,No_check_possible,No_check_possible,No_check_possible
4302,102294486,16,0.1875,0.4375,N,Not_Applicable(<30 pts),No_check_possible,No_check_possible,No_check_possible,No_check_possible,No_check_possible
4303,49100792,17,0.11764705882352941,0.17647058823529413,N,Not_Applicable(<30 pts),No_check_possible,No_check_possible,No_check_possible,No_check_possible,No_check_possible
4304,11400030,13,0.15384615384615385,0.15384615384615385,N,Not_Applicable(<30 pts),No_check_possible,No_check_possible,No_check_possible,No_check_possible,No_check_possible
4305,11690346,7,0.2857142857142857,0.2857142857142857,N,Not_Applicable(<30 pts),No_check_possible,No_check_possible,No_check_possible,No_check_possible,No_check_possible
4306,105716998,15,0.13333333333333333,0.2,N,Not_Applicable(<30 pts),No_check_possible,No_check_possible,No_check_possible,No_check_possible,No_check_possible
4307,101793358,15,0.2,0.3333333333333333,N,Not_Applicable(<30 pts),No_check_possible,No_check_possible,No_check_possible,No_check_possible,No_check_possible
4308,11694617,16,0.125,0.1875,N,Not_Applicable(<30 pts),No_check_possible,No_check_possible,No_check_possible,No_check_possible,No_check_possible
4309,42154795,6,0.3333333333333333,0.5,N,Not_Applicable(<30 pts),No_check_possible,No_check_possible,No_check_possible,No_check_possible,No_check_possible
4310,37458807,4,0.5,0.75,N,Not_Applicable(<30 pts),No_check_possible,No_check_possible,No_check_possible,No_check_possible,No_check_possible
4311,104173668,11,0.18181818181818182,0.7272727272727273,N,Not_Applicable(<30 pts),No_check_possible,No_check_possible,No_check_possible,No_check_possible,No_check_possible
4312,102579421,9,0.1111111111111111,0.2222222222222222,N,Not_Applicable(<30 pts),No_check_possible,No_check_possible,No_check_possible,No_check_possible,No_check_possible
4313,104185173,15,0.13333333333333333,0.3333333333333333,N,Not_Applicable(<30 pts),No_check_possible,No_check_possible,No_check_possible,No_check_possible,No_check_possible
4314,42228651,15,0.13333333333333333,0.3333333333333333,N,Not_Applicable(<30 pts),No_check_possible,No_check_possible,No_check_possible,No_check_possible,No_check_possible
4315,37459517,10,0.2,0.3,N,Not_Applicable(<30 pts),No_check_possible,No_check_possible,No_check_possible,No_check_possible,No_check_possible
4316,104309433,10,0.2,0.3,N,Not_Applicable(<30 pts),No_check_possible,No_check_possible,No_check_possible,No_check_possible,No_check_possible
4317,102817662,13,0.3076923076923077,0.5384615384615384,N,Not_Applicable(<30 pts),No_check_possible,No_check_possible,No_check_possible,No_check_possible,No_check_possible
4318,100833940,16,0.1875,0.375,N,Not_Applicable(<30 pts),No_check_possible,No_check_possible,No_check_possible,No_check_possible,No_check_possible
4319,100535038,17,0.29411764705882354,0.5294117647058824,N,Not_Applicable(<30 pts),No_check_possible,No_check_possible,No_check_possible,No_check_possible,No_check_possible
4320,105716596,13,0.07692307692307693,0.15384615384615385,N,Not_Applicable(<30 pts),No_check_possible,No_check_possible,No_check_possible,No_check_possible,No_check_possible
4321,102498102,13,0.15384615384615385,0.23076923076923078,N,Not_Applicable(<30 pts),No_check_possible,No_check_possible,No_check_possible,No_check_possible,No_check_possible
4322,100080072,10,0.2,0.3,N,Not_Applicable(<30 pts),No_check_possible,No_check_possible,No_check_possible,No_check_possible,No_check_possible
4323,102630615,15,0.13333333333333333,0.3333333333333333,N,Not_Applicable(<30 pts),No_check_possible,No_check_possible,No_check_possible,No_check_possible,No_check_possible
4324,105717029,17,0.17647058823529413,0.29411764705882354,N,Not_Applicable(<30 pts),No_check_possible,No_check_possible,No_check_possible,No_check_possible,No_check_possible
4325,102861883,12,0.16666666666666666,0.25,N,Not_Applicable(<30 pts),No_check_possible,No_check_possible,No_check_possible,No_check_possible,No_check_possible
4326,105717094,13,0.15384615384615385,2.076923076923077,N,Not_Applicable(<30 pts),No_check_possible,No_check_possible,No_check_possible,No_check_possible,No_check_possible
4327,11932804,16,0.25,0.625,N,Not_Applicable(<30 pts),No_check_possible,No_check_possible,No_check_possible,No_check_possible,No_check_possible
4328,102066299,15,0.13333333333333333,0.2,N,Not_Applicable(<30 pts),No_check_possible,No_check_possible,No_check_possible,No_check_possible,No_check_possible
4329,102924237,12,0.16666666666666666,0.25,N,Not_Applicable(<30 pts),No_check_possible,No_check_possible,No_check_possible,No_check_possible,No_check_possible
4330,104285993,15,0.13333333333333333,0.26666666666666666,N,Not_Applicable(<30 pts),No_check_possible,No_check_possible,No_check_possible,No_check_possible,No_check_possible
4331,104198871,16,0.1875,0.375,N,Not_Applicable(<30 pts),No_check_possible,No_check_possible,No_check_possible,No_check_possible,No_check_possible
4332,102788518,15,0.13333333333333333,0.3333333333333333,N,Not_Applicable(<30 pts),No_check_possible,No_check_possible,No_check_possible,No_check_possible,No_check_possible
4333,102731772,3,0.6666666666666666,1.0,N,Not_Applicable(<30 pts),No_check_possible,No_check_possible,No_check_possible,No_check_possible,No_check_possible
4334,102914338,13,0.3076923076923077,0.5384615384615384,N,Not_Applicable(<30 pts),No_check_possible,No_check_possible,No_check_possible,No_check_possible,No_check_possible
4335,105716984,13,0.15384615384615385,0.5384615384615384,N,Not_Applicable(<30 pts),No_check_possible,No_check_possible,No_check_possible,No_check_possible,No_check_possible
4336,102914506,10,0.3,0.4,N,Not_Applicable(<30 pts),No_check_possible,No_check_possible,No_check_possible,No_check_possible,No_check_possible
4337,102917938,3,0.6666666666666666,1.0,N,Not_Applicable(<30 pts),No_check_possible,No_check_possible,No_check_possible,No_check_possible,No_check_possible
4338,104209203,17,0.4117647058823529,0.6470588235294118,N,Not_Applicable(<30 pts),No_check_possible,No_check_possible,No_check_possible,No_check_possible,No_check_possible
4339,102858148,15,0.2,0.4,N,Not_Applicable(<30 pts),No_check_possible,No_check_possible,No_check_possible,No_check_possible,No_check_possible
4340,11615744,12,0.16666666666666666,0.5,N,Not_Applicable(<30 pts),No_check_possible,No_check_possible,No_check_possible,No_check_possible,No_check_possible
4341,12689427,13,0.23076923076923078,0.38461538461538464,N,Not_Applicable(<30 pts),No_check_possible,No_check_possible,No_check_possible,No_check_possible,No_check_possible
4342,102866691,12,0.08333333333333333,0.16666666666666666,N,Not_Applicable(<30 pts),No_check_possible,No_check_possible,No_check_possible,No_check_possible,No_check_possible
4343,102592822,6,0.3333333333333333,0.3333333333333333,N,Not_Applicable(<30 pts),No_check_possible,No_check_possible,No_check_possible,No_check_possible,No_check_possible
4344,11636072,3,0.6666666666666666,6.666666666666667,N,Not_Applicable(<30 pts),No_check_possible,No_check_possible,No_check_possible,No_check_possible,No_check_possible
4345,101934719,17,0.058823529411764705,0.058823529411764705,N,Not_Applicable(<30 pts),No_check_possible,No_check_possible,No_check_possible,No_check_possible,No_check_possible
4346,16558624,4,0.25,0.25,N,Not_Applicable(<30 pts),No_check_possible,No_check_possible,No_check_possible,No_check_possible,No_check_possible
4347,105717340,6,0.3333333333333333,0.6666666666666666,N,Not_Applicable(<30 pts),No_check_possible,No_check_possible,No_check_possible,No_check_possible,No_check_possible
4348,104286255,6,0.5,0.6666666666666666,N,Not_Applicable(<30 pts),No_check_possible,No_check_possible,No_check_possible,No_check_possible,No_check_possible
4349,102324910,6,0.16666666666666666,0.3333333333333333,N,Not_Applicable(<30 pts),No_check_possible,No_check_possible,No_check_possible,No_check_possible,No_check_possible
4350,102742939,10,0.1,0.1,N,Not_Applicable(<30 pts),No_check_possible,No_check_possible,No_check_possible,No_check_possible,No_check_possible
4351,11670438,9,0.2222222222222222,4.444444444444445,N,Not_Applicable(<30 pts),No_check_possible,No_check_possible,No_check_possible,No_check_possible,No_check_possible
4352,102914574,4,0.25,0.25,N,Not_Applicable(<30 pts),No_check_possible,No_check_possible,No_check_possible,No_check_possible,No_check_possible
4353,100567146,9,0.2222222222222222,0.4444444444444444,N,Not_Applicable(<30 pts),No_check_possible,No_check_possible,No_check_possible,No_check_possible,No_check_possible
4354,102366054,14,0.21428571428571427,0.42857142857142855,N,Not_Applicable(<30 pts),No_check_possible,No_check_possible,No_check_possible,No_check_possible,No_check_possible
4355,100727920,10,0.2,0.5,N,Not_Applicable(<30 pts),No_check_possible,No_check_possible,No_check_possible,No_check_possible,No_check_possible
4356,102877856,11,0.18181818181818182,0.36363636363636365,N,Not_Applicable(<30 pts),No_check_possible,No_check_possible,No_check_possible,No_check_possible,No_check_possible
4357,105716996,15,0.13333333333333333,0.4,N,Not_Applicable(<30 pts),No_check_possible,No_check_possible,No_check_possible,No_check_possible,No_check_possible
4358,102753374,12,0.16666666666666666,0.16666666666666666,N,Not_Applicable(<30 pts),No_check_possible,No_check_possible,No_check_possible,No_check_possible,No_check_possible
4359,102734059,11,0.18181818181818182,0.18181818181818182,N,Not_Applicable(<30 pts),No_check_possible,No_check_possible,No_check_possible,No_check_possible,No_check_possible
4360,102984226,13,0.23076923076923078,0.23076923076923078,N,Not_Applicable(<30 pts),No_check_possible,No_check_possible,No_check_possible,No_check_possible,No_check_possible
4361,102889528,9,0.2222222222222222,0.2222222222222222,N,Not_Applicable(<30 pts),No_check_possible,No_check_possible,No_check_possible,No_check_possible,No_check_possible
4362,11370883,3,0.6666666666666666,0.6666666666666666,N,Not_Applicable(<30 pts),No_check_possible,No_check_possible,No_check_possible,No_check_possible,No_check_possible
4363,102925835,14,0.14285714285714285,0.14285714285714285,N,Not_Applicable(<30 pts),No_check_possible,No_check_possible,No_check_possible,No_check_possible,No_check_possible
4364,14080596,4,0.5,0.5,N,Not_Applicable(<30 pts),No_check_possible,No_check_possible,No_check_possible,No_check_possible,No_check_possible
4365,104201830,14,0.14285714285714285,0.14285714285714285,N,Not_Applicable(<30 pts),No_check_possible,No_check_possible,No_check_possible,No_check_possible,No_check_possible
4366,102774931,8,0.25,0.25,N,Not_Applicable(<30 pts),No_check_possible,No_check_possible,No_check_possible,No_check_possible,No_check_possible
4367,102497913,8,0.25,0.25,N,Not_Applicable(<30 pts),No_check_possible,No_check_possible,No_check_possible,No_check_possible,No_check_possible
4368,102186722,16,0.125,0.25,N,Not_Applicable(<30 pts),No_check_possible,No_check_possible,No_check_possible,No_check_possible,No_check_possible
4369,16639950,14,0.14285714285714285,0.14285714285714285,N,Not_Applicable(<30 pts),No_check_possible,No_check_possible,No_check_possible,No_check_possible,No_check_possible
4370,11053576,6,0.3333333333333333,0.3333333333333333,N,Not_Applicable(<30 pts),No_check_possible,No_check_possible,No_check_possible,No_check_possible,No_check_possible
4371,100567473,6,0.5,0.8333333333333334,N,Not_Applicable(<30 pts),No_check_possible,No_check_possible,No_check_possible,No_check_possible,No_check_possible
4372,37532811,15,0.13333333333333333,0.26666666666666666,N,Not_Applicable(<30 pts),No_check_possible,No_check_possible,No_check_possible,No_check_possible,No_check_possible
4373,105717036,13,0.15384615384615385,0.38461538461538464,N,Not_Applicable(<30 pts),No_check_possible,No_check_possible,No_check_possible,No_check_possible,No_check_possible
4374,105717217,25,0.12,0.36,N,Not_Applicable(<30 pts),No_check_possible,No_check_possible,No_check_possible,No_check_possible,No_check_possible
4375,42226119,4,0.5,0.5,N,Not_Applicable(<30 pts),No_check_possible,No_check_possible,No_check_possible,No_check_possible,No_check_possible
4376,11145953,12,0.16666666666666666,0.5,N,Not_Applicable(<30 pts),No_check_possible,No_check_possible,No_check_possible,No_check_possible,No_check_possible
4377,42297446,12,0.16666666666666666,0.16666666666666666,N,Not_Applicable(<30 pts),No_check_possible,No_check_possible,No_check_possible,No_check_possible,No_check_possible
4378,105717295,10,0.1,0.2,N,Not_Applicable(<30 pts),No_check_possible,No_check_possible,No_check_possible,No_check_possible,No_check_possible
4379,102869600,13,0.15384615384615385,0.15384615384615385,N,Not_Applicable(<30 pts),No_check_possible,No_check_possible,No_check_possible,No_check_possible,No_check_possible
4380,102799338,12,0.16666666666666666,0.25,N,Not_Applicable(<30 pts),No_check_possible,No_check_possible,No_check_possible,No_check_possible,No_check_possible
4381,102331710,13,0.15384615384615385,0.15384615384615385,N,Not_Applicable(<30 pts),No_check_possible,No_check_possible,No_check_possible,No_check_possible,No_check_possible
4382,11238993,3,0.6666666666666666,0.6666666666666666,N,Not_Applicable(<30 pts),No_check_possible,No_check_possible,No_check_possible,No_check_possible,No_check_possible
4383,11684894,3,0.6666666666666666,0.6666666666666666,N,Not_Applicable(<30 pts),No_check_possible,No_check_possible,No_check_possible,No_check_possible,No_check_possible
4384,102746440,13,0.23076923076923078,0.5384615384615384,N,Not_Applicable(<30 pts),No_check_possible,No_check_possible,No_check_possible,No_check_possible,No_check_possible
4385,101909966,12,0.16666666666666666,0.16666666666666666,N,Not_Applicable(<30 pts),No_check_possible,No_check_possible,No_check_possible,No_check_possible,No_check_possible
4386,101909962,12,0.16666666666666666,0.16666666666666666,N,Not_Applicable(<30 pts),No_check_possible,No_check_possible,No_check_possible,No_check_possible,No_check_possible
4387,102630927,7,0.2857142857142857,0.2857142857142857,N,Not_Applicable(<30 pts),No_check_possible,No_check_possible,No_check_possible,No_check_possible,No_check_possible
4388,11602060,8,0.375,0.625,N,Not_Applicable(<30 pts),No_check_possible,No_check_possible,No_check_possible,No_check_possible,No_check_possible
4389,49132215,6,0.3333333333333333,0.3333333333333333,N,Not_Applicable(<30 pts),No_check_possible,No_check_possible,No_check_possible,No_check_possible,No_check_possible
4390,102839631,4,0.25,0.25,N,Not_Applicable(<30 pts),No_check_possible,No_check_possible,No_check_possible,No_check_possible,No_check_possible
4391,102983832,12,0.16666666666666666,0.4166666666666667,N,Not_Applicable(<30 pts),No_check_possible,No_check_possible,No_check_possible,No_check_possible,No_check_possible
4392,101820448,3,0.6666666666666666,1.0,N,Not_Applicable(<30 pts),No_check_possible,No_check_possible,No_check_possible,No_check_possible,No_check_possible
4393,102074630,10,0.2,0.2,N,Not_Applicable(<30 pts),No_check_possible,No_check_possible,No_check_possible,No_check_possible,No_check_possible
4394,42210366,10,0.2,0.2,N,Not_Applicable(<30 pts),No_check_possible,No_check_possible,No_check_possible,No_check_possible,No_check_possible
4395,102318047,14,0.21428571428571427,0.21428571428571427,N,Not_Applicable(<30 pts),No_check_possible,No_check_possible,No_check_possible,No_check_possible,No_check_possible
4396,105716979,12,0.16666666666666666,0.16666666666666666,N,Not_Applicable(<30 pts),No_check_possible,No_check_possible,No_check_possible,No_check_possible,No_check_possible
4397,105717109,5,0.4,0.4,N,Not_Applicable(<30 pts),No_check_possible,No_check_possible,No_check_possible,No_check_possible,No_check_possible
4398,100775637,9,0.2222222222222222,0.2222222222222222,N,Not_Applicable(<30 pts),No_check_possible,No_check_possible,No_check_possible,No_check_possible,No_check_possible
4399,105716699,11,0.18181818181818182,0.36363636363636365,N,Not_Applicable(<30 pts),No_check_possible,No_check_possible,No_check_possible,No_check_possible,No_check_possible
4400,105716702,9,0.3333333333333333,0.4444444444444444,N,Not_Applicable(<30 pts),No_check_possible,No_check_possible,No_check_possible,No_check_possible,No_check_possible
4401,102877576,9,0.2222222222222222,0.3333333333333333,N,Not_Applicable(<30 pts),No_check_possible,No_check_possible,No_check_possible,No_check_possible,No_check_possible
4402,104209403,11,0.18181818181818182,0.36363636363636365,N,Not_Applicable(<30 pts),No_check_possible,No_check_possible,No_check_possible,No_check_possible,No_check_possible
4403,16086456,14,0.42857142857142855,0.7142857142857143,N,Not_Applicable(<30 pts),No_check_possible,No_check_possible,No_check_possible,No_check_possible,No_check_possible
4404,101473888,7,0.2857142857142857,0.2857142857142857,N,Not_Applicable(<30 pts),No_check_possible,No_check_possible,No_check_possible,No_check_possible,No_check_possible
4405,105723727,11,0.18181818181818182,0.2727272727272727,N,Not_Applicable(<30 pts),No_check_possible,No_check_possible,No_check_possible,No_check_possible,No_check_possible
4406,49086062,6,0.3333333333333333,2.0,N,Not_Applicable(<30 pts),No_check_possible,No_check_possible,No_check_possible,No_check_possible,No_check_possible
4407,105717226,8,0.25,0.375,N,Not_Applicable(<30 pts),No_check_possible,No_check_possible,No_check_possible,No_check_possible,No_check_possible
4408,11416268,3,0.6666666666666666,0.6666666666666666,N,Not_Applicable(<30 pts),No_check_possible,No_check_possible,No_check_possible,No_check_possible,No_check_possible
4409,11297683,7,0.2857142857142857,0.2857142857142857,N,Not_Applicable(<30 pts),No_check_possible,No_check_possible,No_check_possible,No_check_possible,No_check_possible
4410,11290676,6,0.3333333333333333,0.3333333333333333,N,Not_Applicable(<30 pts),No_check_possible,No_check_possible,No_check_possible,No_check_possible,No_check_possible
4411,11290681,6,0.3333333333333333,0.3333333333333333,N,Not_Applicable(<30 pts),No_check_possible,No_check_possible,No_check_possible,No_check_possible,No_check_possible
4412,100509924,6,0.3333333333333333,0.5,N,Not_Applicable(<30 pts),No_check_possible,No_check_possible,No_check_possible,No_check_possible,No_check_possible
4413,102490118,6,0.3333333333333333,0.3333333333333333,N,Not_Applicable(<30 pts),No_check_possible,No_check_possible,No_check_possible,No_check_possible,No_check_possible
4414,42151146,6,0.3333333333333333,0.5,N,Not_Applicable(<30 pts),No_check_possible,No_check_possible,No_check_possible,No_check_possible,No_check_possible
4415,105717466,6,0.3333333333333333,0.6666666666666666,N,Not_Applicable(<30 pts),No_check_possible,No_check_possible,No_check_possible,No_check_possible,No_check_possible
4416,102589930,5,0.6,0.6,N,Not_Applicable(<30 pts),No_check_possible,No_check_possible,No_check_possible,No_check_possible,No_check_possible
4417,42219286,4,0.5,0.5,N,Not_Applicable(<30 pts),No_check_possible,No_check_possible,No_check_possible,No_check_possible,No_check_possible
4418,102630933,11,0.18181818181818182,0.18181818181818182,N,Not_Applicable(<30 pts),No_check_possible,No_check_possible,No_check_possible,No_check_possible,No_check_possible
4419,100077258,6,0.3333333333333333,0.3333333333333333,N,Not_Applicable(<30 pts),No_check_possible,No_check_possible,No_check_possible,No_check_possible,No_check_possible
4420,105717281,6,0.5,0.6666666666666666,N,Not_Applicable(<30 pts),No_check_possible,No_check_possible,No_check_possible,No_check_possible,No_check_possible
4421,105717115,4,0.5,0.5,N,Not_Applicable(<30 pts),No_check_possible,No_check_possible,No_check_possible,No_check_possible,No_check_possible
4422,105717048,11,0.2727272727272727,0.5454545454545454,N,Not_Applicable(<30 pts),No_check_possible,No_check_possible,No_check_possible,No_check_possible,No_check_possible
4423,105717013,3,0.6666666666666666,0.6666666666666666,N,Not_Applicable(<30 pts),No_check_possible,No_check_possible,No_check_possible,No_check_possible,No_check_possible
4424,102176371,8,0.125,0.125,N,Not_Applicable(<30 pts),No_check_possible,No_check_possible,No_check_possible,No_check_possible,No_check_possible
4425,105722198,13,0.15384615384615385,0.15384615384615385,N,Not_Applicable(<30 pts),No_check_possible,No_check_possible,No_check_possible,No_check_possible,No_check_possible
4426,11424196,10,0.2,0.2,N,Not_Applicable(<30 pts),No_check_possible,No_check_possible,No_check_possible,No_check_possible,No_check_possible
4427,105700879,10,0.2,0.6,N,Not_Applicable(<30 pts),No_check_possible,No_check_possible,No_check_possible,No_check_possible,No_check_possible
4428,102757504,9,0.2222222222222222,0.3333333333333333,N,Not_Applicable(<30 pts),No_check_possible,No_check_possible,No_check_possible,No_check_possible,No_check_possible
4429,11030141,8,0.25,0.25,N,Not_Applicable(<30 pts),No_check_possible,No_check_possible,No_check_possible,No_check_possible,No_check_possible
4430,11703399,3,0.6666666666666666,0.6666666666666666,N,Not_Applicable(<30 pts),No_check_possible,No_check_possible,No_check_possible,No_check_possible,No_check_possible
4431,11664230,4,0.25,0.25,N,Not_Applicable(<30 pts),No_check_possible,No_check_possible,No_check_possible,No_check_possible,No_check_possible
4432,11204809,5,0.4,0.4,N,Not_Applicable(<30 pts),No_check_possible,No_check_possible,No_check_possible,No_check_possible,No_check_possible
4433,105717482,9,0.2222222222222222,0.3333333333333333,N,Not_Applicable(<30 pts),No_check_possible,No_check_possible,No_check_possible,No_check_possible,No_check_possible
4434,102763546,9,0.2222222222222222,0.5555555555555556,N,Not_Applicable(<30 pts),No_check_possible,No_check_possible,No_check_possible,No_check_possible,No_check_possible
4435,104293906,10,0.2,0.3,N,Not_Applicable(<30 pts),No_check_possible,No_check_possible,No_check_possible,No_check_possible,No_check_possible
4436,102795355,9,0.3333333333333333,0.7777777777777778,N,Not_Applicable(<30 pts),No_check_possible,No_check_possible,No_check_possible,No_check_possible,No_check_possible
4437,102925696,5,0.2,0.2,N,Not_Applicable(<30 pts),No_check_possible,No_check_possible,No_check_possible,No_check_possible,No_check_possible
4438,42211124,4,0.5,0.5,N,Not_Applicable(<30 pts),No_check_possible,No_check_possible,No_check_possible,No_check_possible,No_check_possible
4439,11063187,11,0.09090909090909091,0.09090909090909091,N,Not_Applicable(<30 pts),No_check_possible,No_check_possible,No_check_possible,No_check_possible,No_check_possible
4440,100597418,2,0.5,1.5,N,Not_Applicable(<30 pts),No_check_possible,No_check_possible,No_check_possible,No_check_possible,No_check_possible
4441,11710049,3,0.6666666666666666,0.6666666666666666,N,Not_Applicable(<30 pts),No_check_possible,No_check_possible,No_check_possible,No_check_possible,No_check_possible
4442,42210396,5,0.2,0.2,N,Not_Applicable(<30 pts),No_check_possible,No_check_possible,No_check_possible,No_check_possible,No_check_possible
4443,100446821,7,0.2857142857142857,0.2857142857142857,N,Not_Applicable(<30 pts),No_check_possible,No_check_possible,No_check_possible,No_check_possible,No_check_possible
4444,102866501,4,0.5,0.5,N,Not_Applicable(<30 pts),No_check_possible,No_check_possible,No_check_possible,No_check_possible,No_check_possible
4445,105717339,6,0.3333333333333333,0.5,N,Not_Applicable(<30 pts),No_check_possible,No_check_possible,No_check_possible,No_check_possible,No_check_possible
4446,104188497,8,0.125,0.25,N,Not_Applicable(<30 pts),No_check_possible,No_check_possible,No_check_possible,No_check_possible,No_check_possible
4447,102774859,6,0.16666666666666666,0.3333333333333333,N,Not_Applicable(<30 pts),No_check_possible,No_check_possible,No_check_possible,No_check_possible,No_check_possible
4448,105717067,8,0.125,0.375,N,Not_Applicable(<30 pts),No_check_possible,No_check_possible,No_check_possible,No_check_possible,No_check_possible
4449,102772182,9,0.2222222222222222,0.2222222222222222,N,Not_Applicable(<30 pts),No_check_possible,No_check_possible,No_check_possible,No_check_possible,No_check_possible
4450,11174982,3,0.3333333333333333,0.3333333333333333,N,Not_Applicable(<30 pts),No_check_possible,No_check_possible,No_check_possible,No_check_possible,No_check_possible
4451,102365086,3,0.6666666666666666,0.6666666666666666,N,Not_Applicable(<30 pts),No_check_possible,No_check_possible,No_check_possible,No_check_possible,No_check_possible
4452,104314050,8,0.375,0.375,N,Not_Applicable(<30 pts),No_check_possible,No_check_possible,No_check_possible,No_check_possible,No_check_possible
4453,102835502,8,0.25,0.75,N,Not_Applicable(<30 pts),No_check_possible,No_check_possible,No_check_possible,No_check_possible,No_check_possible
4454,11572642,8,0.25,0.25,N,Not_Applicable(<30 pts),No_check_possible,No_check_possible,No_check_possible,No_check_possible,No_check_possible
4455,102791809,8,0.25,0.625,N,Not_Applicable(<30 pts),No_check_possible,No_check_possible,No_check_possible,No_check_possible,No_check_possible
4456,102848331,4,0.5,0.5,N,Not_Applicable(<30 pts),No_check_possible,No_check_possible,No_check_possible,No_check_possible,No_check_possible
4457,102839996,4,0.5,0.5,N,Not_Applicable(<30 pts),No_check_possible,No_check_possible,No_check_possible,No_check_possible,No_check_possible
4458,15727869,5,0.2,0.6,N,Not_Applicable(<30 pts),No_check_possible,No_check_possible,No_check_possible,No_check_possible,No_check_possible
4459,37458211,8,0.25,0.25,N,Not_Applicable(<30 pts),No_check_possible,No_check_possible,No_check_possible,No_check_possible,No_check_possible
4460,104200134,4,0.5,1.0,N,Not_Applicable(<30 pts),No_check_possible,No_check_possible,No_check_possible,No_check_possible,No_check_possible
4461,102541527,4,0.25,0.5,N,Not_Applicable(<30 pts),No_check_possible,No_check_possible,No_check_possible,No_check_possible,No_check_possible
4462,42218400,6,0.8333333333333334,1.3333333333333333,N,Not_Applicable(<30 pts),No_check_possible,No_check_possible,No_check_possible,No_check_possible,No_check_possible
4463,37460003,6,0.3333333333333333,0.6666666666666666,N,Not_Applicable(<30 pts),No_check_possible,No_check_possible,No_check_possible,No_check_possible,No_check_possible
4464,102754766,4,0.25,0.25,N,Not_Applicable(<30 pts),No_check_possible,No_check_possible,No_check_possible,No_check_possible,No_check_possible
4465,100199467,6,0.3333333333333333,0.3333333333333333,N,Not_Applicable(<30 pts),No_check_possible,No_check_possible,No_check_possible,No_check_possible,No_check_possible
4466,15903591,3,0.6666666666666666,0.6666666666666666,N,Not_Applicable(<30 pts),No_check_possible,No_check_possible,No_check_possible,No_check_possible,No_check_possible
4467,11160994,7,0.2857142857142857,0.2857142857142857,N,Not_Applicable(<30 pts),No_check_possible,No_check_possible,No_check_possible,No_check_possible,No_check_possible
4468,100510269,5,0.4,0.4,N,Not_Applicable(<30 pts),No_check_possible,No_check_possible,No_check_possible,No_check_possible,No_check_possible
4469,11702358,7,0.2857142857142857,0.2857142857142857,N,Not_Applicable(<30 pts),No_check_possible,No_check_possible,No_check_possible,No_check_possible,No_check_possible
4470,11695457,3,0.6666666666666666,0.6666666666666666,N,Not_Applicable(<30 pts),No_check_possible,No_check_possible,No_check_possible,No_check_possible,No_check_possible
4471,101406615,4,0.5,0.5,N,Not_Applicable(<30 pts),No_check_possible,No_check_possible,No_check_possible,No_check_possible,No_check_possible
4472,102882644,4,0.75,1.75,N,Not_Applicable(<30 pts),No_check_possible,No_check_possible,No_check_possible,No_check_possible,No_check_possible
4473,105699007,4,0.75,1.25,N,Not_Applicable(<30 pts),No_check_possible,No_check_possible,No_check_possible,No_check_possible,No_check_possible
4474,105717139,3,0.6666666666666666,6.666666666666667,N,Not_Applicable(<30 pts),No_check_possible,No_check_possible,No_check_possible,No_check_possible,No_check_possible
4475,11471552,5,0.4,0.4,N,Not_Applicable(<30 pts),No_check_possible,No_check_possible,No_check_possible,No_check_possible,No_check_possible
4476,42146934,4,0.5,0.5,N,Not_Applicable(<30 pts),No_check_possible,No_check_possible,No_check_possible,No_check_possible,No_check_possible
4477,104208957,3,0.6666666666666666,1.6666666666666667,N,Not_Applicable(<30 pts),No_check_possible,No_check_possible,No_check_possible,No_check_possible,No_check_possible
4478,11637329,4,0.25,0.25,N,Not_Applicable(<30 pts),No_check_possible,No_check_possible,No_check_possible,No_check_possible,No_check_possible
4479,100697005,3,0.6666666666666666,1.0,N,Not_Applicable(<30 pts),No_check_possible,No_check_possible,No_check_possible,No_check_possible,No_check_possible
4480,104194557,4,0.5,0.5,N,Not_Applicable(<30 pts),No_check_possible,No_check_possible,No_check_possible,No_check_possible,No_check_possible
4481,102644227,2,0.5,1.0,N,Not_Applicable(<30 pts),No_check_possible,No_check_possible,No_check_possible,No_check_possible,No_check_possible
4482,102914686,2,0.5,1.5,N,Not_Applicable(<30 pts),No_check_possible,No_check_possible,No_check_possible,No_check_possible,No_check_possible
4483,101942667,3,0.6666666666666666,1.3333333333333333,N,Not_Applicable(<30 pts),No_check_possible,No_check_possible,No_check_possible,No_check_possible,No_check_possible
4484,105705449,3,0.6666666666666666,1.3333333333333333,N,Not_Applicable(<30 pts),No_check_possible,No_check_possible,No_check_possible,No_check_possible,No_check_possible
4485,104176428,3,0.6666666666666666,2.0,N,Not_Applicable(<30 pts),No_check_possible,No_check_possible,No_check_possible,No_check_possible,No_check_possible
4486,102095971,3,0.6666666666666666,2.0,N,Not_Applicable(<30 pts),No_check_possible,No_check_possible,No_check_possible,No_check_possible,No_check_possible
4487,105716501,32,0.0625,0.0625,Y,0-40%,True,No_check_possible,No_check_possible,No_check_possible,No_check_possible
